-59 -59 -0.252859 -0.0132279
-59 -57 0 0
-59 -55 0 0
-59 -53 0 0
-59 -51 -0.211308 -0.0694277
-59 -49 0.0803591 0.102199
-59 -47 0 0
-59 -45 0 0
-59 -43 0 0
-59 -41 0 0
-59 -39 0 0
-59 -37 0 0
-59 -35 0 0
-59 -33 0 0
-59 -31 0 0
-59 -29 0 0
-59 -27 0 0
-59 -25 -0.0578793 -0.0842299
-59 -23 0 0
-59 -21 0 0
-59 -19 0 0
-59 -17 0 0
-59 -15 0.130401 -0.165759
-59 -13 0 0
-59 -11 0 0
-59 -9 -0.339759 -0.422767
-59 -7 0 0
-59 -5 0 0
-59 -3 0 0
-59 -1 0 0
-59 1 0 0
-59 3 0 0
-59 5 -0.085961 0.0470695
-59 7 0 0
-59 9 0 0
-59 11 -0.0569316 0.0519229
-59 13 0 0
-59 15 0 0
-59 17 0 0
-59 19 0 0
-59 21 0 0
-59 23 -0.180226 -0.0206625
-59 25 0 0
-59 27 0 0
-59 29 0 0
-59 31 0 0
-59 33 0 0
-59 35 0 0
-59 37 0 0
-59 39 0 0
-59 41 -0.216658 0.0695731
-59 43 0 0
-59 45 0 0
-59 47 0 0
-59 49 0 0
-59 51 0 0
-59 53 0 0
-59 55 0 0
-59 57 0 0
-59 59 0 0
-57 -59 0 0
-57 -57 0 0
-57 -55 0 0
-57 -53 0 0
-57 -51 0 0
-57 -49 0 0
-57 -47 0 0
-57 -45 0 0
-57 -43 0 0
-57 -41 0 0
-57 -39 0 0
-57 -37 0 0
-57 -35 0 0
-57 -33 0 0
-57 -31 0 0
-57 -29 0 0
-57 -27 0 0
-57 -25 0 0
-57 -23 0 0
-57 -21 -0.0514939 0.0323693
-57 -19 -0.000490044 0.0257281
-57 -17 -0.146529 -0.163687
-57 -15 0 0
-57 -13 0 0
-57 -11 0 0
-57 -9 -0.0345296 0.0184097
-57 -7 0 0
-57 -5 0 0
-57 -3 0 0
-57 -1 0 0
-57 1 0 0
-57 3 0 0
-57 5 -0.117708 0.0324866
-57 7 0 0
-57 9 0 0
-57 11 0 0
-57 13 0 0
-57 15 0 0
-57 17 0 0
-57 19 -0.0702552 -0.151516
-57 21 -0.122758 0.0479397
-57 23 0 0
-57 25 0.0822645 -0.100682
-57 27 0 0
-57 29 0 0
-57 31 -0.145588 0.096479
-57 33 -0.0497147 0.0131423
-57 35 0 0
-57 37 0 0
-57 39 0 0
-57 41 0 0
-57 43 0 0
-57 45 0 0
-57 47 0 0
-57 49 0 0
-57 51 0 0
-57 53 0 0
-57 55 0 0
-57 57 0 0
-57 59 0 0
-55 -59 0 0
-55 -57 0 0
-55 -55 0 0
-55 -53 0 0
-55 -51 0 0
-55 -49 0 0
-55 -47 0 0
-55 -45 0 0
-55 -43 0 0
-55 -41 0 0
-55 -39 0 0
-55 -37 0 0
-55 -35 0 0
-55 -33 0 0
-55 -31 -0.0808341 -0.077413
-55 -29 0 0
-55 -27 0 0
-55 -25 0 0
-55 -23 0 0
-55 -21 0 0
-55 -19 0 0
-55 -17 0 0
-55 -15 0 0
-55 -13 0 0
-55 -11 0 0
-55 -9 0 0
-55 -7 -0.0592832 0.00831561
-55 -5 0 0
-55 -3 0 0
-55 -1 0 0
-55 1 0 0
-55 3 0 0
-55 5 0 0
-55 7 0 0
-55 9 0 0
-55 11 0 0
-55 13 0 0
-55 15 0 0
-55 17 0 0
-55 19 -0.143279 -0.0926409
-55 21 -0.0773199 -0.00395817
-55 23 0 0
-55 25 0 0
-55 27 0 0
-55 29 -0.104392 0.0277386
-55 31 0 0
-55 33 0 0
-55 35 0 0
-55 37 -0.0412288 0.0259192
-55 39 0 0
-55 41 0 0
-55 43 0 0
-55 45 0 0
-55 47 0 0
-55 49 0 0
-55 51 0 0
-55 53 0 0
-55 55 0 0
-55 57 0 0
-55 59 0 0
-53 -59 0 0
-53 -57 0 0
-53 -55 -0.0796133 0.180137
-53 -53 0 0
-53 -51 0 0
-53 -49 0 0
-53 -47 0.0276602 -0.208587
-53 -45 0 0
-53 -43 0 0
-53 -41 0 0
-53 -39 -0.256291 -0.130399
-53 -37 -0.263489 -0.0330014
-53 -35 0 0
-53 -33 0 0
-53 -31 0 0
-53 -29 0 0
-53 -27 0 0
-53 -25 0 0
-53 -23 0 0
-53 -21 0 0
-53 -19 0 0
-53 -17 0 0
-53 -15 0 0
-53 -13 0 0
-53 -11 0 0
-53 -9 0 0
-53 -7 0.102865 -0.0248771
-53 -5 0 0
-53 -3 0 0
-53 -1 0 0
-53 1 0 0
-53 3 0 0
-53 5 0 0
-53 7 0 0
-53 9 -0.0162701 0.188074
-53 11 0 0
-53 13 0 0
-53 15 0 0
-53 17 0 0
-53 19 0 0
-53 21 0 0
-53 23 0 0
-53 25 0 0
-53 27 0 0
-53 29 -0.252644 0.0545026
-53 31 0 0
-53 33 0 0
-53 35 0 0
-53 37 0 0
-53 39 0 0
-53 41 0 0
-53 43 0 0
-53 45 0 0
-53 47 0 0
-53 49 0 0
-53 51 0 0
-53 53 0 0
-53 55 0 0
-53 57 0 0
-53 59 0 0
-51 -59 0 0
-51 -57 0 0
-51 -55 0 0
-51 -53 0 0
-51 -51 0 0
-51 -49 0 0
-51 -47 0 0
-51 -45 0 0
-51 -43 0 0
-51 -41 0 0
-51 -39 0 0
-51 -37 0 0
-51 -35 0 0
-51 -33 0 0
-51 -31 0 0
-51 -29 0 0
-51 -27 0 0
-51 -25 0 0
-51 -23 0 0
-51 -21 0 0
-51 -19 0 0
-51 -17 0 0
-51 -15 0 0
-51 -13 0 0
-51 -11 0 0
-51 -9 0 0
-51 -7 0.00448832 0.0531089
-51 -5 0 0
-51 -3 0 0
-51 -1 0 0
-51 1 -0.0652724 -0.124582
-51 3 0 0
-51 5 0 0
-51 7 0 0
-51 9 0 0
-51 11 0 0
-51 13 0 0
-51 15 0 0
-51 17 0 0
-51 19 0 0
-51 21 0 0
-51 23 0 0
-51 25 0 0
-51 27 0 0
-51 29 0 0
-51 31 0 0
-51 33 0 0
-51 35 0 0
-51 37 0 0
-51 39 0 0
-51 41 0 0
-51 43 0 0
-51 45 0 0
-51 47 0 0
-51 49 0 0
-51 51 0 0
-51 53 0 0
-51 55 0 0
-51 57 0 0
-51 59 0 0
-49 -59 0 0
-49 -57 0 0
-49 -55 0 0
-49 -53 0 0
-49 -51 0 0
-49 -49 0 0
-49 -47 0.0781813 0.171292
-49 -45 0 0
-49 -43 0 0
-49 -41 -0.161322 -0.191837
-49 -39 0 0
-49 -37 0 0
-49 -35 0.0798959 0.0485781
-49 -33 0 0
-49 -31 0 0
-49 -29 0 0
-49 -27 0 0
-49 -25 0 0
-49 -23 -0.094633 -0.0496558
-49 -21 0 0
-49 -19 0 0
-49 -17 0 0
-49 -15 0 0
-49 -13 0 0
-49 -11 0 0
-49 -9 -0.355663 -0.0650375
-49 -7 -0.13902 -0.132148
-49 -5 0 0
-49 -3 0 0
-49 -1 -0.0449257 -0.0117016
-49 1 0 0
-49 3 0 0
-49 5 0 0
-49 7 0 0
-49 9 0 0
-49 11 0 0
-49 13 0 0
-49 15 -0.215481 0.133973
-49 17 0 0
-49 19 0 0
-49 21 -0.478561 0.180022
-49 23 0 0
-49 25 -0.662495 0.439421
-49 27 0 0
-49 29 0 0
-49 31 0 0
-49 33 -0.118182 -0.0132951
-49 35 0 0
-49 37 0 0
-49 39 0 0
-49 41 0 0
-49 43 0 0
-49 45 0 0
-49 47 0 0
-49 49 0 0
-49 51 0 0
-49 53 0 0
-49 55 0 0
-49 57 0 0
-49 59 -0.014531 0.0814569
-47 -59 0 0
-47 -57 0 0
-47 -55 0 0
-47 -53 0 0
-47 -51 0 0
-47 -49 0 0
-47 -47 0 0
-47 -45 0 0
-47 -43 0 0
-47 -41 0 0
-47 -39 0 0
-47 -37 -0.231266 -0.319914
-47 -35 -0.11302 -0.0428016
-47 -33 0 0
-47 -31 0 0
-47 -29 0 0
-47 -27 0 0
-47 -25 0 0
-47 -23 0 0
-47 -21 0 0
-47 -19 -0.353924 -0.156535
-47 -17 0 0
-47 -15 -0.162115 -0.0315887
-47 -13 0 0
-47 -11 0 0
-47 -9 0 0
-47 -7 0 0
-47 -5 0 0
-47 -3 -0.0919935 0.117913
-47 -1 0 0
-47 1 0 0
-47 3 0 0
-47 5 -0.266886 0.116215
-47 7 -0.0974119 -0.0835053
-47 9 -0.0850975 -0.0267773
-47 11 0 0
-47 13 0 0
-47 15 0 0
-47 17 -0.00333001 0.0444086
-47 19 0 0
-47 21 -0.295427 -0.0393084
-47 23 0 0
-47 25 -0.172529 0.00228345
-47 27 0 0
-47 29 0 0
-47 31 0 0
-47 33 0 0
-47 35 0 0
-47 37 0 0
-47 39 -0.220133 0.0333996
-47 41 0 0
-47 43 0 0
-47 45 0 0
-47 47 0 0
-47 49 0 0
-47 51 0 0
-47 53 0 0
-47 55 0 0
-47 57 0 0
-47 59 0 0
-45 -59 0 0
-45 -57 0 0
-45 -55 0 0
-45 -53 -0.283454 -0.0458474
-45 -51 0 0
-45 -49 0 0
-45 -47 -0.2423 0.106953
-45 -45 0 0
-45 -43 -0.00594272 -0.078495
-45 -41 0 0
-45 -39 0 0
-45 -37 0 0
-45 -35 0 0
-45 -33 0 0
-45 -31 0 0
-45 -29 0 0
-45 -27 0 0
-45 -25 0 0
-45 -23 0 0
-45 -21 0 0
-45 -19 0 0
-45 -17 0 0
-45 -15 0.00393354 0.0254254
-45 -13 0 0
-45 -11 0 0
-45 -9 -0.307349 -0.036273
-45 -7 -0.0452138 -0.00266879
-45 -5 -0.154446 0.0865789
-45 -3 0 0
-45 -1 0 0
-45 1 0 0
-45 3 -0.0744081 -0.0258139
-45 5 -0.178321 -0.188778
-45 7 -0.276416 0.0556784
-45 9 -0.154361 -0.0481975
-45 11 0 0
-45 13 0 0
-45 15 0 0
-45 17 0 0
-45 19 0 0
-45 21 0 0
-45 23 -0.927995 0.548633
-45 25 -0.163537 -0.0235715
-45 27 0 0
-45 29 0 0
-45 31 0 0
-45 33 0 0
-45 35 0 0
-45 37 0 0
-45 39 0 0
-45 41 0.050613 0.0371291
-45 43 0 0
-45 45 0 0
-45 47 0 0
-45 49 0 0
-45 51 0 0
-45 53 0 0
-45 55 0 0
-45 57 0 0
-45 59 0 0
-43 -59 0 0
-43 -57 0 0
-43 -55 0 0
-43 -53 0 0
-43 -51 0 0
-43 -49 0 0
-43 -47 0 0
-43 -45 0 0
-43 -43 0 0
-43 -41 0 0
-43 -39 0 0
-43 -37 0 0
-43 -35 0 0
-43 -33 0 0
-43 -31 0 0
-43 -29 -0.560289 -0.333621
-43 -27 -0.000443704 0.0156967
-43 -25 0 0
-43 -23 0 0
-43 -21 0 0
-43 -19 -0.0895729 -0.0427411
-43 -17 0 0
-43 -15 0 0
-43 -13 0 0
-43 -11 -0.0383421 -0.0534583
-43 -9 0 0
-43 -7 0 0
-43 -5 0 0
-43 -3 0 0
-43 -1 -0.00545316 -0.00924508
-43 1 0 0
-43 3 -0.217814 -0.168362
-43 5 0 0
-43 7 0 0
-43 9 0.02108 -0.0210839
-43 11 0 0
-43 13 0 0
-43 15 0.00856031 -0.00826336
-43 17 0.0340666 0.0119492
-43 19 0 0
-43 21 0 0
-43 23 0 0
-43 25 0 0
-43 27 -0.0799485 -0.185626
-43 29 0 0
-43 31 0 0
-43 33 0 0
-43 35 0.0531185 -0.0284506
-43 37 0 0
-43 39 0 0
-43 41 0 0
-43 43 0 0
-43 45 0 0
-43 47 0 0
-43 49 0 0
-43 51 0 0
-43 53 0 0
-43 55 0 0
-43 57 0 0
-43 59 0 0
-41 -59 -0.0246 -0.0503204
-41 -57 0 0
-41 -55 0 0
-41 -53 0 0
-41 -51 -0.188107 -0.0691752
-41 -49 0 0
-41 -47 -0.0743513 -0.00983875
-41 -45 0 0
-41 -43 0 0
-41 -41 0 0
-41 -39 0 0
-41 -37 0 0
-41 -35 -0.412015 -0.313118
-41 -33 0 0
-41 -31 0 0
-41 -29 0 0
-41 -27 0 0
-41 -25 -0.0750484 0.0230183
-41 -23 0 0
-41 -21 0 0
-41 -19 0.012499 -0.100821
-41 -17 0 0
-41 -15 0 0
-41 -13 0 0
-41 -11 0.00234821 -0.349179
-41 -9 -0.0115453 -0.0210587
-41 -7 0 0
-41 -5 -0.113691 0.0892789
-41 -3 0 0
-41 -1 -0.076108 0.0364198
-41 1 -0.256576 0.207498
-41 3 0 0
-41 5 -0.135649 -0.0753062
-41 7 -0.0809058 0.0655713
-41 9 0 0
-41 11 -0.0971065 -0.0668369
-41 13 0 0
-41 15 0 0
-41 17 0 0
-41 19 0 0
-41 21 0 0
-41 23 0 0
-41 25 0 0
-41 27 0 0
-41 29 -0.365348 0.461487
-41 31 0 0
-41 33 -0.0767305 0.306487
-41 35 0 0
-41 37 0 0
-41 39 0 0
-41 41 0 0
-41 43 0 0
-41 45 0 0
-41 47 0 0
-41 49 0 0
-41 51 0 0
-41 53 0 0
-41 55 0 0
-41 57 0 0
-41 59 0 0
-39 -59 0 0
-39 -57 0 0
-39 -55 0 0
-39 -53 0 0
-39 -51 0 0
-39 -49 0 0
-39 -47 0.0360979 -0.27835
-39 -45 0 0
-39 -43 0 0
-39 -41 0 0
-39 -39 0 0
-39 -37 0 0
-39 -35 0 0
-39 -33 0 0
-39 -31 0.061221 -0.0894922
-39 -29 0.177454 -0.00814698
-39 -27 0 0
-39 -25 0 0
-39 -23 -0.0499535 -0.0120569
-39 -21 -0.0673089 -0.0767481
-39 -19 0 0
-39 -17 0 0
-39 -15 0 0
-39 -13 0 0
-39 -11 -0.116729 -0.113023
-39 -9 0 0
-39 -7 -0.000828595 0.0127114
-39 -5 -0.0566611 0.0573137
-39 -3 0 0
-39 -1 -0.50386 -0.0233237
-39 1 -0.417923 0.0663123
-39 3 -0.152828 0.0383853
-39 5 -0.08871 0.0433823
-39 7 -0.00750175 -0.023773
-39 9 0 0
-39 11 -0.104327 -0.00038327
-39 13 0 0
-39 15 -0.545008 -0.0300768
-39 17 -0.197839 0.0690132
-39 19 0 0
-39 21 -0.252352 0.107542
-39 23 0 0
-39 25 0 0
-39 27 0 0
-39 29 0 0
-39 31 -0.0190967 0.23185
-39 33 -0.0834976 0.174697
-39 35 0 0
-39 37 0 0
-39 39 0 0
-39 41 -0.104796 0.00532314
-39 43 -0.0159152 0.0297768
-39 45 0 0
-39 47 0 0
-39 49 0 0
-39 51 0 0
-39 53 0 0
-39 55 0 0
-39 57 0 0
-39 59 0 0
-37 -59 0 0
-37 -57 0 0
-37 -55 0 0
-37 -53 0 0
-37 -51 0 0
-37 -49 0 0
-37 -47 0 0
-37 -45 -0.118358 0.318102
-37 -43 0 0
-37 -41 0 0
-37 -39 0 0
-37 -37 0 0
-37 -35 0 0
-37 -33 0 0
-37 -31 -0.0965536 -0.0702954
-37 -29 0 0
-37 -27 -0.129701 -0.0440229
-37 -25 -0.0088485 -0.0309703
-37 -23 0 0
-37 -21 0 0
-37 -19 0.0105359 -0.151364
-37 -17 -0.0264891 -0.0873469
-37 -15 0.105927 0.0807888
-37 -13 0 0
-37 -11 -0.0343251 -0.0546123
-37 -9 -0.176707 -0.318737
-37 -7 0 0
-37 -5 0 0
-37 -3 0 0
-37 -1 0.0912162 -0.0380802
-37 1 -0.500173 0.0826223
-37 3 -0.193403 0.0154096
-37 5 0 0
-37 7 -0.109401 0.0126583
-37 9 0 0
-37 11 -0.0111199 0.0167653
-37 13 -0.210028 0.0990067
-37 15 -0.17295 0.0387384
-37 17 -0.102066 0.00915808
-37 19 -0.123112 0.0618518
-37 21 0 0
-37 23 -0.171027 0.133826
-37 25 -0.0818892 0.0422007
-37 27 0 0
-37 29 0 0
-37 31 0 0
-37 33 0 0
-37 35 0 0
-37 37 0 0
-37 39 0 0
-37 41 0 0
-37 43 0 0
-37 45 0 0
-37 47 0 0
-37 49 0 0
-37 51 0 0
-37 53 0 0
-37 55 0 0
-37 57 0 0
-37 59 0 0
-35 -59 -0.0921048 0.0613029
-35 -57 0 0
-35 -55 0 0
-35 -53 -0.0821958 -0.0510268
-35 -51 0 0
-35 -49 0 0
-35 -47 0 0
-35 -45 0 0
-35 -43 0 0
-35 -41 0 0
-35 -39 0 0
-35 -37 0 0
-35 -35 0 0
-35 -33 0 0
-35 -31 0 0
-35 -29 0 0
-35 -27 -0.105997 -0.154156
-35 -25 -0.321037 -0.00454732
-35 -23 0 0
-35 -21 0 0
-35 -19 -0.120816 -0.0634973
-35 -17 -0.0574642 -0.105379
-35 -15 0 0
-35 -13 0 0
-35 -11 0 0
-35 -9 -0.115468 0.0175385
-35 -7 0 0
-35 -5 0 0
-35 -3 0.0130846 -0.0558083
-35 -1 -0.107817 -0.0883327
-35 1 -0.253613 -0.0338773
-35 3 -0.0904618 -0.0159382
-35 5 -0.0036571 -0.00378881
-35 7 -0.360677 0.0317225
-35 9 0 0
-35 11 0 0
-35 13 0 0
-35 15 0 0
-35 17 -0.0829293 0.0156222
-35 19 0 0
-35 21 -0.0527276 0.0429776
-35 23 0 0
-35 25 0.0277794 0.185373
-35 27 0 0
-35 29 -0.119916 0.0731752
-35 31 0.0500117 0.0547515
-35 33 0 0
-35 35 0 0
-35 37 0.137635 0.127724
-35 39 0 0
-35 41 0 0
-35 43 0 0
-35 45 0 0
-35 47 0 0
-35 49 0 0
-35 51 0 0
-35 53 0 0
-35 55 0 0
-35 57 0.0118399 0.135796
-35 59 0 0
-33 -59 0 0
-33 -57 0 0
-33 -55 -0.143152 -0.167613
-33 -53 0 0
-33 -51 0 0
-33 -49 -0.152578 -0.294222
-33 -47 0.114735 -0.0914044
-33 -45 0 0
-33 -43 0 0
-33 -41 0 0
-33 -39 -0.0422716 -0.0233117
-33 -37 0 0
-33 -35 0 0
-33 -33 0 0
-33 -31 0 0
-33 -29 0 0
-33 -27 0 0
-33 -25 0 0
-33 -23 0 0
-33 -21 -0.0184013 -0.0105928
-33 -19 -0.0723453 -0.0183975
-33 -17 -0.0908074 -0.0762314
-33 -15 -0.0185626 0.211078
-33 -13 0.00850911 -0.0750066
-33 -11 0 0
-33 -9 -0.194286 -0.0341287
-33 -7 -0.121816 -0.0129101
-33 -5 -0.367393 -0.0647632
-33 -3 -0.323204 -0.029564
-33 -1 -0.258729 -0.0184422
-33 1 -0.16028 0.125245
-33 3 -0.187213 -0.0484059
-33 5 -0.254575 0.02164
-33 7 0.0272852 0.0145075
-33 9 0 0
-33 11 0.0433951 -0.0386869
-33 13 0 0
-33 15 0 0
-33 17 0.03886 0.0421602
-33 19 0 0
-33 21 -0.355847 0.306179
-33 23 -0.0128929 0.0208013
-33 25 -0.0353567 -0.0240425
-33 27 0 0
-33 29 -0.131035 0.0698495
-33 31 0 0
-33 33 0 0
-33 35 -0.0257593 0.0429539
-33 37 -0.0990369 0.111883
-33 39 0 0
-33 41 0 0
-33 43 0 0
-33 45 0 0
-33 47 -0.0449319 -0.100489
-33 49 0 0
-33 51 0 0
-33 53 0 0
-33 55 -0.114371 0.210359
-33 57 0 0
-33 59 0 0
-31 -59 0 0
-31 -57 0 0
-31 -55 0 0
-31 -53 0 0
-31 -51 0 0
-31 -49 0.0402953 0.135752
-31 -47 0 0
-31 -45 -0.0771103 -0.0231493
-31 -43 0 0
-31 -41 0 0
-31 -39 0 0
-31 -37 0.0912425 -0.162909
-31 -35 0.0569677 0.0888707
-31 -33 0 0
-31 -31 -0.0856273 0.00202836
-31 -29 0 0
-31 -27 0 0
-31 -25 0 0
-31 -23 -0.112713 -0.362502
-31 -21 0 0
-31 -19 -0.068936 0.0223833
-31 -17 -0.0308154 -0.0388961
-31 -15 0 0
-31 -13 0.000226516 -0.139736
-31 -11 -0.206153 -0.0504707
-31 -9 -0.26822 -0.0431816
-31 -7 -0.282934 -0.0692288
-31 -5 -0.295137 -0.0638287
-31 -3 -0.33426 -0.0304705
-31 -1 -0.293518 -0.0148397
-31 1 -0.332477 0.00628382
-31 3 -0.310266 0.0172367
-31 5 -0.269561 0.0535003
-31 7 -0.323071 0.064377
-31 9 -0.266493 0.0352426
-31 11 -0.385208 0.120427
-31 13 -0.297166 0.154991
-31 15 0 0
-31 17 0 0
-31 19 -0.034788 0.0352125
-31 21 -0.0290402 -0.0533956
-31 23 0 0
-31 25 -0.273333 0.213438
-31 27 0.189584 0.0501887
-31 29 0 0
-31 31 0 0
-31 33 0 0
-31 35 0 0
-31 37 0 0
-31 39 0 0
-31 41 0.0165221 0.230771
-31 43 0 0
-31 45 0 0
-31 47 0.0569563 0.145196
-31 49 0 0
-31 51 0.109673 0.0377854
-31 53 0 0
-31 55 0 0
-31 57 0.0360638 0.0573975
-31 59 0 0
-29 -59 0 0
-29 -57 0 0
-29 -55 0 0
-29 -53 0 0
-29 -51 -0.0624379 -0.119907
-29 -49 0 0
-29 -47 0 0
-29 -45 0 0
-29 -43 0 0
-29 -41 0.00234364 -0.071751
-29 -39 0 0
-29 -37 0 0
-29 -35 0 0
-29 -33 0 0
-29 -31 0 0
-29 -29 0 0
-29 -27 0.000380391 -0.0548717
-29 -25 -0.0718201 -0.0896076
-29 -23 -0.0103295 -0.0717567
-29 -21 0 0
-29 -19 -0.302791 -0.21083
-29 -17 -0.323727 -0.133631
-29 -15 -0.266095 -0.154149
-29 -13 -0.305698 -0.132489
-29 -11 -0.294059 -0.0823897
-29 -9 -0.294146 -0.072029
-29 -7 -0.282353 -0.0635831
-29 -5 -0.313758 -0.0542489
-29 -3 -0.308996 -0.0337945
-29 -1 -0.295082 -0.0117834
-29 1 -0.274608 0.00514896
-29 3 -0.307046 0.028593
-29 5 -0.304741 0.0517536
-29 7 -0.29581 0.0691853
-29 9 -0.31911 0.0953897
-29 11 -0.328905 0.111813
-29 13 -0.30122 0.128754
-29 15 -0.114443 0.0797449
-29 17 -0.248461 0.199316
-29 19 -0.177447 0.107302
-29 21 0 0
-29 23 -0.248599 0.218684
-29 25 -0.120096 0.0361577
-29 27 -0.182342 0.118458
-29 29 0 0
-29 31 -0.0283907 0.14591
-29 33 0 0
-29 35 0 0
-29 37 0 0
-29 39 0 0
-29 41 0 0
-29 43 0 0
-29 45 0.00731919 0.0879198
-29 47 0 0
-29 49 0 0
-29 51 0 0
-29 53 0 0
-29 55 0.0255685 0.206912
-29 57 0 0
-29 59 0 0
-27 -59 -0.20322 -0.410863
-27 -57 0.0964001 0.00532515
-27 -55 0 0
-27 -53 0.109624 -0.159233
-27 -51 0 0
-27 -49 0 0
-27 -47 0 0
-27 -45 0 0
-27 -43 -0.0510428 -0.0531812
-27 -41 0.19369 -0.154527
-27 -39 -0.121987 0.0185148
-27 -37 0 0
-27 -35 0 0
-27 -33 0 0
-27 -31 -0.0630032 -0.0191645
-27 -29 -0.00198726 -0.178077
-27 -27 -0.00352173 -0.11179
-27 -25 -0.12608 -0.213635
-27 -23 -0.381787 -0.263939
-27 -21 -0.544584 -0.446235
-27 -19 -0.286822 -0.219542
-27 -17 -0.312487 -0.188629
-27 -15 -0.290876 -0.162068
-27 -13 -0.268695 -0.127437
-27 -11 -0.269384 -0.10905
-27 -9 -0.286403 -0.0896619
-27 -7 -0.275491 -0.0662032
-27 -5 -0.266151 -0.0430578
-27 -3 -0.280058 -0.0338236
-27 -1 -0.268438 -0.00941742
-27 1 -0.273265 0.00422023
-27 3 -0.268358 0.0262393
-27 5 -0.271038 0.0491185
-27 7 -0.268833 0.071372
-27 9 -0.265023 0.0856816
-27 11 -0.281806 0.114133
-27 13 -0.298726 0.135627
-27 15 -0.321212 0.177699
-27 17 -0.292333 0.18357
-27 19 -0.211031 0.128405
-27 21 -0.136263 0.105959
-27 23 -0.0409138 -0.00651927
-27 25 0 0
-27 27 0.0094328 -0.167712
-27 29 -0.0827718 0.0792478
-27 31 -0.0950204 -0.0136972
-27 33 -0.113122 0.0836787
-27 35 -0.0396067 0.0530161
-27 37 0 0
-27 39 0 0
-27 41 0 0
-27 43 -0.297748 0.304224
-27 45 0 0
-27 47 -0.0232818 0.0594147
-27 49 0.0548592 0.223316
-27 51 0 0
-27 53 0 0
-27 55 0 0
-27 57 0 0
-27 59 0 0
-25 -59 0 0
-25 -57 0 0
-25 -55 0 0
-25 -53 0 0
-25 -51 0 0
-25 -49 -0.0053871 -0.189833
-25 -47 0 0
-25 -45 0 0
-25 -43 0 0
-25 -41 0 0
-25 -39 0 0
-25 -37 0 0
-25 -35 -0.197476 -0.258239
-25 -33 0 0
-25 -31 0 0
-25 -29 -0.136925 0.0428234
-25 -27 -0.0741076 -0.116755
-25 -25 -0.142236 -0.249018
-25 -23 -0.0860344 -0.0656522
-25 -21 -0.205777 -0.12484
-25 -19 -0.285388 -0.208029
-25 -17 -0.267772 -0.181255
-25 -15 -0.25802 -0.145139
-25 -13 -0.255153 -0.124717
-25 -11 -0.259035 -0.106404
-25 -9 -0.243401 -0.0838692
-25 -7 -0.28064 -0.0769517
-25 -5 -0.285922 -0.0529933
-25 -3 -0.27124 -0.0290483
-25 -1 -0.310511 -0.00928058
-25 1 -0.309313 0.0137638
-25 3 -0.287026 0.0342791
-25 5 -0.273803 0.0553445
-25 7 -0.275424 0.0762952
-25 9 -0.271836 0.0932397
-25 11 -0.263438 0.110807
-25 13 -0.261263 0.130729
-25 15 -0.248053 0.138042
-25 17 -0.249426 0.173619
-25 19 -0.255872 0.184371
-25 21 -0.308286 0.25163
-25 23 -0.133956 0.0950618
-25 25 0 0
-25 27 0.0928944 -0.00276822
-25 29 0 0
-25 31 -0.103841 0.00802868
-25 33 0.0234882 0.0889286
-25 35 0 0
-25 37 0.0515871 0.0854945
-25 39 -0.077862 0.140661
-25 41 0 0
-25 43 0 0
-25 45 0 0
-25 47 0 0
-25 49 0 0
-25 51 0 0
-25 53 0 0
-25 55 0 0
-25 57 0 0
-25 59 0 0
-23 -59 0 0
-23 -57 0 0
-23 -55 0 0
-23 -53 -0.0695839 -0.470285
-23 -51 0 0
-23 -49 0 0
-23 -47 0 0
-23 -45 0 0
-23 -43 0 0
-23 -41 0 0
-23 -39 0 0
-23 -37 0 0
-23 -35 0 0
-23 -33 0 0
-23 -31 0 0
-23 -29 0 0
-23 -27 0 0
-23 -25 -0.0249343 -0.0236432
-23 -23 -0.200296 -0.167253
-23 -21 -0.247523 -0.209454
-23 -19 -0.249269 -0.196034
-23 -17 -0.233275 -0.165912
-23 -15 -0.252652 -0.157967
-23 -13 -0.240941 -0.131531
-23 -11 -0.269611 -0.125868
-23 -9 -0.267475 -0.105816
-23 -7 -0.31967 -0.0975418
-23 -5 -0.350024 -0.0745528
-23 -3 -0.367482 -0.0483635
-23 -1 -0.37577 -0.016273
-23 1 -0.390486 0.0197279
-23 3 -0.355787 0.0446655
-23 5 -0.344661 0.0702191
-23 7 -0.323628 0.0937504
-23 9 -0.28516 0.106681
-23 11 -0.24652 0.114801
-23 13 -0.237711 0.134749
-23 15 -0.230855 0.142469
-23 17 -0.232235 0.166736
-23 19 -0.245629 0.195478
-23 21 -0.24021 0.2068
-23 23 -0.274272 0.257503
-23 25 -0.206846 0.204339
-23 27 0 0
-23 29 -0.0492145 0.0152509
-23 31 0 0
-23 33 -0.336683 0.635573
-23 35 0 0
-23 37 0 0
-23 39 0 0
-23 41 -0.0588759 0.0109951
-23 43 0 0
-23 45 0 0
-23 47 0 0
-23 49 0 0
-23 51 -0.237252 0.256324
-23 53 0 0
-23 55 0 0
-23 57 0 0
-23 59 0 0
-21 -59 -0.079202 -0.0655996
-21 -57 0 0
-21 -55 0 0
-21 -53 -0.176222 0.0562875
-21 -51 0 0
-21 -49 0 0
-21 -47 0 0
-21 -45 0 0
-21 -43 0 0
-21 -41 0 0
-21 -39 0 0
-21 -37 0 0
-21 -35 -0.0702318 -0.0217607
-21 -33 0 0
-21 -31 0.0256533 -0.106336
-21 -29 -0.111319 -0.0533049
-21 -27 0 0
-21 -25 -0.192922 -0.216215
-21 -23 -0.210874 -0.229093
-21 -21 -0.209528 -0.203677
-21 -19 -0.205343 -0.185493
-21 -17 -0.20551 -0.161128
-21 -15 -0.208254 -0.14437
-21 -13 -0.247479 -0.147978
-21 -11 -0.292492 -0.151861
-21 -9 -0.333029 -0.144041
-21 -7 -0.377364 -0.125216
-21 -5 -0.408608 -0.0973101
-21 -3 -0.432934 -0.0619538
-21 -1 -0.440301 -0.0190744
-21 1 -0.44199 0.019816
-21 3 -0.421129 0.0595702
-21 5 -0.405571 0.0957921
-21 7 -0.386029 0.129553
-21 9 -0.329826 0.139
-21 11 -0.27442 0.142727
-21 13 -0.241276 0.147991
-21 15 -0.217095 0.151403
-21 17 -0.213751 0.168119
-21 19 -0.209929 0.182829
-21 21 -0.229532 0.215589
-21 23 -0.214498 0.226145
-21 25 -0.207562 0.258824
-21 27 0 0
-21 29 0 0
-21 31 0.0102512 0.103933
-21 33 -0.0482494 0.111327
-21 35 -0.215831 0.24075
-21 37 -0.0466064 -0.0110453
-21 39 -0.0680164 0.111896
-21 41 0.032526 0.0718362
-21 43 0 0
-21 45 0.137545 0.184219
-21 47 0 0
-21 49 0 0
-21 51 0 0
-21 53 0 0
-21 55 0 0
-21 57 0 0
-21 59 0 0
-19 -59 -0.0248412 0.000219435
-19 -57 0 0
-19 -55 0 0
-19 -53 0.0845573 -0.0145519
-19 -51 -0.0475839 -0.137505
-19 -49 0 0
-19 -47 0.029751 -0.0444412
-19 -45 0 0
-19 -43 0 0
-19 -41 -0.118733 -0.305586
-19 -39 -0.0529448 -0.0763173
-19 -37 -0.113748 -0.152472
-19 -35 -0.0404621 -0.0478479
-19 -33 0 0
-19 -31 -0.0973421 -0.0530605
-19 -29 0.165817 -0.14752
-19 -27 -0.222327 -0.325678
-19 -25 -0.199242 -0.271425
-19 -23 -0.199767 -0.228032
-19 -21 -0.191214 -0.205254
-19 -19 -0.195214 -0.191711
-19 -17 -0.200389 -0.178406
-19 -15 -0.236511 -0.189476
-19 -13 -0.286618 -0.194776
-19 -11 -0.339414 -0.197787
-19 -9 -0.367078 -0.176732
-19 -7 -0.412402 -0.155551
-19 -5 -0.421584 -0.115235
-19 -3 -0.431657 -0.0719835
-19 -1 -0.433739 -0.0245846
-19 1 -0.428411 0.0222003
-19 3 -0.435 0.0730863
-19 5 -0.417449 0.112939
-19 7 -0.415993 0.154681
-19 9 -0.387527 0.185539
-19 11 -0.337713 0.19634
-19 13 -0.280617 0.191278
-19 15 -0.22755 0.178438
-19 17 -0.211829 0.187463
-19 19 -0.186336 0.182408
-19 21 -0.183173 0.199938
-19 23 -0.21688 0.258971
-19 25 -0.196251 0.261123
-19 27 -0.17772 0.242224
-19 29 -0.0807431 0.0649693
-19 31 0 0
-19 33 -0.330704 0.218011
-19 35 0 0
-19 37 0 0
-19 39 0 0
-19 41 0 0
-19 43 0 0
-19 45 0 0
-19 47 0 0
-19 49 0 0
-19 51 0 0
-19 53 0 0
-19 55 0 0
-19 57 -0.196953 0.202222
-19 59 0 0
-17 -59 0 0
-17 -57 0 0
-17 -55 0 0
-17 -53 0 0
-17 -51 0 0
-17 -49 0 0
-17 -47 0 0
-17 -45 0 0
-17 -43 0 0
-17 -41 0 0
-17 -39 0.0195212 -0.184741
-17 -37 0 0
-17 -35 0.0133316 -0.120322
-17 -33 0 0
-17 -31 0 0
-17 -29 -0.12766 -0.234303
-17 -27 -0.195304 -0.302232
-17 -25 -0.183826 -0.254285
-17 -23 -0.164648 -0.218836
-17 -21 -0.163625 -0.205195
-17 -19 -0.175336 -0.202128
-17 -17 -0.210286 -0.210045
-17 -15 -0.252553 -0.225718
-17 -13 -0.303748 -0.242769
-17 -11 -0.350643 -0.234456
-17 -9 -0.380947 -0.208587
-17 -7 -0.388987 -0.169273
-17 -5 -0.391514 -0.125355
-17 -3 -0.390176 -0.0740576
-17 -1 -0.386422 -0.0237663
-17 1 -0.387717 0.0229375
-17 3 -0.390695 0.0744862
-17 5 -0.392041 0.123531
-17 7 -0.383949 0.16904
-17 9 -0.373054 0.206459
-17 11 -0.349868 0.234432
-17 13 -0.307068 0.239828
-17 15 -0.254129 0.227517
-17 17 -0.200797 0.204576
-17 19 -0.174816 0.196191
-17 21 -0.163142 0.199
-17 23 -0.167911 0.22578
-17 25 -0.181513 0.254514
-17 27 -0.21535 0.326288
-17 29 -0.126665 0.240623
-17 31 0 0
-17 33 0 0
-17 35 0 0
-17 37 0 0
-17 39 0 0
-17 41 0 0
-17 43 -0.0822509 0.392729
-17 45 0.0823262 -0.085002
-17 47 0 0
-17 49 0 0
-17 51 0.0694407 0.0802519
-17 53 0 0
-17 55 0 0
-17 57 0 0
-17 59 0 0
-15 -59 0 0
-15 -57 0 0
-15 -55 0 0
-15 -53 0 0
-15 -51 0 0
-15 -49 0 0
-15 -47 0.036291 0.0315332
-15 -45 0 0
-15 -43 0 0
-15 -41 0 0
-15 -39 -0.0679895 -0.0389065
-15 -37 -0.0242628 -0.0367677
-15 -35 -0.178391 0.00896626
-15 -33 0.0207384 -0.0532686
-15 -31 -0.05705 -0.11471
-15 -29 -0.142986 -0.301956
-15 -27 -0.148666 -0.269117
-15 -25 -0.147583 -0.244217
-15 -23 -0.137785 -0.217457
-15 -21 -0.137065 -0.195225
-15 -19 -0.166642 -0.21582
-15 -17 -0.217461 -0.257721
-15 -15 -0.268697 -0.285369
-15 -13 -0.300178 -0.279718
-15 -11 -0.328008 -0.260716
-15 -9 -0.331692 -0.218775
-15 -7 -0.336902 -0.17388
-15 -5 -0.327933 -0.12087
-15 -3 -0.31941 -0.071686
-15 -1 -0.314061 -0.0234107
-15 1 -0.314642 0.0253598
-15 3 -0.31813 0.0709955
-15 5 -0.326038 0.121841
-15 7 -0.332472 0.170066
-15 9 -0.334222 0.218308
-15 11 -0.329323 0.257172
-15 13 -0.303622 0.279241
-15 15 -0.261796 0.2763
-15 17 -0.213518 0.253052
-15 19 -0.169497 0.218515
-15 21 -0.141388 0.203265
-15 23 -0.141794 0.217828
-15 25 -0.158254 0.267931
-15 27 -0.152805 0.290995
-15 29 -0.167168 0.315871
-15 31 -0.0771745 0.32576
-15 33 -0.00470919 0.00676443
-15 35 0 0
-15 37 -0.138273 0.12298
-15 39 -0.13301 0.151541
-15 41 0.0026746 0.225626
-15 43 0 0
-15 45 -0.045342 -0.0466502
-15 47 0 0
-15 49 -0.00493944 0.0389615
-15 51 0 0
-15 53 0 0
-15 55 0 0
-15 57 0 0
-15 59 0 0
-13 -59 0 0
-13 -57 0 0
-13 -55 0 0
-13 -53 0 0
-13 -51 0 0
-13 -49 -0.135618 -0.220873
-13 -47 0 0
-13 -45 0 0
-13 -43 0 0
-13 -41 0 0
-13 -39 -0.0733721 -0.304425
-13 -37 0.0396353 0.0148278
-13 -35 -0.072054 -0.0774763
-13 -33 -0.0639427 0.0577405
-13 -31 -0.146416 -0.226416
-13 -29 -0.131839 -0.32738
-13 -27 -0.130086 -0.280255
-13 -25 -0.129525 -0.246578
-13 -23 -0.117018 -0.216
-13 -21 -0.13295 -0.22485
-13 -19 -0.160487 -0.250012
-13 -17 -0.200007 -0.284265
-13 -15 -0.243651 -0.305855
-13 -13 -0.269227 -0.300966
-13 -11 -0.275305 -0.263888
-13 -9 -0.27351 -0.215673
-13 -7 -0.262096 -0.16446
-13 -5 -0.247561 -0.112576
-13 -3 -0.233669 -0.0636538
-13 -1 -0.225398 -0.0216735
-13 1 -0.225306 0.0211538
-13 3 -0.233599 0.0653937
-13 5 -0.249165 0.112604
-13 7 -0.263383 0.164008
-13 9 -0.27199 0.215416
-13 11 -0.27934 0.267816
-13 13 -0.265238 0.296679
-13 15 -0.248794 0.314995
-13 17 -0.197675 0.283506
-13 19 -0.158096 0.244591
-13 21 -0.137203 0.234495
-13 23 -0.122613 0.222947
-13 25 -0.122417 0.244461
-13 27 -0.119931 0.256991
-13 29 -0.142486 0.32657
-13 31 -0.147103 0.06168
-13 33 0 0
-13 35 -0.184699 0.243431
-13 37 -0.0733377 0.0865112
-13 39 0 0
-13 41 -0.0539096 -0.173306
-13 43 0 0
-13 45 0 0
-13 47 0.112261 0.0869878
-13 49 0 0
-13 51 0 0
-13 53 0 0
-13 55 0 0
-13 57 0 0
-13 59 0 0
-11 -59 0 0
-11 -57 0.041849 -0.0613534
-11 -55 0.0344789 0.046414
-11 -53 0.175032 0.0377235
-11 -51 0.0886399 -0.0284351
-11 -49 0.060047 0.0584998
-11 -47 0 0
-11 -45 -0.0187127 -0.00689339
-11 -43 -0.0450594 -0.197201
-11 -41 0 0
-11 -39 0 0
-11 -37 -0.0581706 -0.127028
-11 -35 0.0469387 -0.0850229
-11 -33 -0.0746639 -0.237986
-11 -31 -0.142921 -0.425415
-11 -29 -0.109266 -0.302037
-11 -27 -0.105196 -0.266724
-11 -25 -0.101171 -0.240804
-11 -23 -0.0975726 -0.220022
-11 -21 -0.12021 -0.248015
-11 -19 -0.144358 -0.280384
-11 -17 -0.175993 -0.311928
-11 -15 -0.210197 -0.327386
-11 -13 -0.219127 -0.309334
-11 -11 -0.217132 -0.261848
-11 -9 -0.206093 -0.209287
-11 -7 -0.189443 -0.152514
-11 -5 -0.169513 -0.0982834
-11 -3 -0.152355 -0.0533915
-11 -1 -0.145766 -0.0174719
-11 1 -0.144942 0.0174926
-11 3 -0.152793 0.0542981
-11 5 -0.168437 0.0975468
-11 7 -0.188488 0.150653
-11 9 -0.20773 0.209392
-11 11 -0.217917 0.264815
-11 13 -0.219041 0.3084
-11 15 -0.203482 0.324471
-11 17 -0.181718 0.320849
-11 19 -0.150143 0.292372
-11 21 -0.114447 0.236613
-11 23 -0.100629 0.223931
-11 25 -0.103177 0.242433
-11 27 -0.106392 0.263844
-11 29 -0.107527 0.29258
-11 31 -0.0818058 0.328903
-11 33 -0.071405 0.279651
-11 35 -0.103149 0.00817163
-11 37 0 0
-11 39 0 0
-11 41 0 0
-11 43 0 0
-11 45 0 0
-11 47 0 0
-11 49 0 0
-11 51 0 0
-11 53 -0.020024 0.0189066
-11 55 0 0
-11 57 0 0
-11 59 0 0
-9 -59 0 0
-9 -57 0 0
-9 -55 0 0
-9 -53 0 0
-9 -51 0.0134226 -0.0846312
-9 -49 0.0150509 0.131448
-9 -47 -0.139911 -0.0368393
-9 -45 0 0
-9 -43 0 0
-9 -41 0.0648485 -0.130939
-9 -39 0.068602 -0.169543
-9 -37 0 0
-9 -35 -0.091979 -0.11939
-9 -33 -0.0482065 0.0333823
-9 -31 -0.0983156 -0.309332
-9 -29 -0.0857777 -0.29426
-9 -27 -0.0786821 -0.262343
-9 -25 -0.0768671 -0.240535
-9 -23 -0.0766881 -0.227794
-9 -21 -0.0902063 -0.25058
-9 -19 -0.116598 -0.296497
-9 -17 -0.144329 -0.336083
-9 -15 -0.157001 -0.33826
-9 -13 -0.16181 -0.305789
-9 -11 -0.154933 -0.255133
-9 -9 -0.141539 -0.195651
-9 -7 -0.12169 -0.134309
-9 -5 -0.104233 -0.0850667
-9 -3 -0.0913819 -0.0467537
-9 -1 -0.0866018 -0.0154928
-9 1 -0.0865329 0.0145191
-9 3 -0.0905682 0.0456283
-9 5 -0.104176 0.0851932
-9 7 -0.121597 0.135043
-9 9 -0.141623 0.196468
-9 11 -0.155532 0.255058
-9 13 -0.162381 0.308588
-9 15 -0.160425 0.335536
-9 17 -0.142832 0.330696
-9 19 -0.118695 0.308908
-9 21 -0.0979993 0.264504
-9 23 -0.078669 0.229675
-9 25 -0.0774 0.239536
-9 27 -0.0789188 0.254551
-9 29 -0.0859872 0.290995
-9 31 -0.0878242 0.296989
-9 33 -0.00312729 0.0882679
-9 35 -0.0124559 0.0943979
-9 37 0 0
-9 39 0 0
-9 41 0.0066595 -0.0348607
-9 43 0 0
-9 45 0 0
-9 47 0 0
-9 49 0 0
-9 51 0 0
-9 53 0 0
-9 55 0 0
-9 57 -0.180786 0.0862655
-9 59 0 0
-7 -59 0 0
-7 -57 0 0
-7 -55 0 0
-7 -53 0 0
-7 -51 0.0411 -0.117881
-7 -49 0 0
-7 -47 0 0
-7 -45 0 0
-7 -43 0 0
-7 -41 0.0183154 -0.0208523
-7 -39 -0.0328056 -0.0470557
-7 -37 0 0
-7 -35 0.0883094 -0.254407
-7 -33 -0.0642256 -0.267632
-7 -31 -0.0732464 -0.328017
-7 -29 -0.0616623 -0.30093
-7 -27 -0.0552246 -0.257917
-7 -25 -0.0545783 -0.230448
-7 -23 -0.0562372 -0.233785
-7 -21 -0.0717021 -0.271871
-7 -19 -0.0860639 -0.306065
-7 -17 -0.0988702 -0.343691
-7 -15 -0.102802 -0.32956
-7 -13 -0.10325 -0.299173
-7 -11 -0.0951268 -0.248467
-7 -9 -0.0831077 -0.184076
-7 -7 -0.0670915 -0.123213
-7 -5 -0.053995 -0.0767527
-7 -3 -0.0461424 -0.041524
-7 -1 -0.0428701 -0.0124896
-7 1 -0.0427613 0.0130879
-7 3 -0.0459619 0.0418786
-7 5 -0.0538252 0.0763155
-7 7 -0.0662962 0.122605
-7 9 -0.0812822 0.182999
-7 11 -0.0970935 0.247888
-7 13 -0.102297 0.300705
-7 15 -0.105686 0.332247
-7 17 -0.10017 0.334519
-7 19 -0.083104 0.311751
-7 21 -0.0694191 0.266979
-7 23 -0.0569295 0.233137
-7 25 -0.0542195 0.234419
-7 27 -0.0552527 0.249713
-7 29 -0.0665199 0.298043
-7 31 -0.0619103 0.318794
-7 33 -0.0852612 0.358292
-7 35 -0.0109342 0.0683222
-7 37 -0.0724963 0.166205
-7 39 0.071023 0.0400519
-7 41 0 0
-7 43 0 0
-7 45 -0.0709412 0.159239
-7 47 0 0
-7 49 0 0
-7 51 0 0
-7 53 0 0
-7 55 0 0
-7 57 0 0
-7 59 0 0
-5 -59 0 0
-5 -57 0 0
-5 -55 0 0
-5 -53 0 0
-5 -51 0 0
-5 -49 0 0
-5 -47 0 0
-5 -45 0 0
-5 -43 0 0
-5 -41 0 0
-5 -39 0 0
-5 -37 0 0
-5 -35 0 0
-5 -33 -0.0554587 -0.399163
-5 -31 -0.04183 -0.305761
-5 -29 -0.0395496 -0.285909
-5 -27 -0.0317044 -0.249768
-5 -25 -0.0313225 -0.236186
-5 -23 -0.0356809 -0.245737
-5 -21 -0.0385467 -0.266144
-5 -19 -0.0461082 -0.299986
-5 -17 -0.0514325 -0.333309
-5 -15 -0.047788 -0.318057
-5 -13 -0.0477867 -0.286158
-5 -11 -0.0387984 -0.236809
-5 -9 -0.0302198 -0.175727
-5 -7 -0.019483 -0.116127
-5 -5 -0.0120338 -0.0720904
-5 -3 -0.0073646 -0.0396062
-5 -1 -0.00418225 -0.01203
-5 1 -0.00430937 0.0126052
-5 3 -0.00725956 0.0384369
-5 5 -0.0116009 0.073338
-5 7 -0.0192871 0.116706
-5 9 -0.0290025 0.174513
-5 11 -0.0395744 0.238767
-5 13 -0.0460223 0.287625
-5 15 -0.0505504 0.320362
-5 17 -0.0503786 0.328145
-5 19 -0.0505419 0.314515
-5 21 -0.0385287 0.266235
-5 23 -0.0339422 0.240342
-5 25 -0.0304717 0.229665
-5 27 -0.034909 0.251279
-5 29 -0.0409265 0.276145
-5 31 -0.0405859 0.277741
-5 33 -0.0372212 0.241321
-5 35 -0.05109 0.0235099
-5 37 0 0
-5 39 0 0
-5 41 0 0
-5 43 -0.0337407 -0.0170772
-5 45 0 0
-5 47 0.0510591 -0.00862581
-5 49 -0.18484 0.25071
-5 51 -0.00290872 0.0628233
-5 53 0.215154 -0.021884
-5 55 0 0
-5 57 0 0
-5 59 0 0
-3 -59 0 0
-3 -57 0 0
-3 -55 0 0
-3 -53 0 0
-3 -51 0 0
-3 -49 0 0
-3 -47 0 0
-3 -45 -0.0315343 -0.0166766
-3 -43 0 0
-3 -41 0 0
-3 -39 0 0
-3 -37 -0.0825968 0.262699
-3 -35 0 0
-3 -33 -0.0204521 -0.232955
-3 -31 -0.0184721 -0.328036
-3 -29 -0.0201579 -0.285008
-3 -27 -0.0136479 -0.252713
-3 -25 -0.0106393 -0.221038
-3 -23 -0.0128431 -0.247973
-3 -21 -0.00902843 -0.255007
-3 -19 -0.00763025 -0.299324
-3 -17 -0.00765679 -0.315909
-3 -15 0.00196106 -0.302321
-3 -13 0.00826269 -0.276145
-3 -11 0.0131915 -0.229354
-3 -9 0.022681 -0.173679
-3 -7 0.0280569 -0.119995
-3 -5 0.0329218 -0.074336
-3 -3 0.0370576 -0.0403716
-3 -1 0.0412996 -0.0125877
-3 1 0.0412331 0.0124626
-3 3 0.0369737 0.0399812
-3 5 0.0315658 0.0734078
-3 7 0.0260106 0.119247
-3 9 0.0217945 0.17232
-3 11 0.015742 0.231084
-3 13 0.00687148 0.274546
-3 15 -0.00158384 0.305013
-3 17 -0.00481039 0.311627
-3 19 -0.00931749 0.285534
-3 21 -0.00701788 0.250009
-3 23 -0.0101547 0.22814
-3 25 -0.0119778 0.217332
-3 27 -0.0127243 0.249369
-3 29 -0.0171696 0.275157
-3 31 -0.0101676 0.323171
-3 33 -0.0383947 0.344718
-3 35 0.0332262 0.0988958
-3 37 0 0
-3 39 0.022603 0.028579
-3 41 0.0623878 0.155274
-3 43 0 0
-3 45 -0.109996 0.113195
-3 47 0 0
-3 49 0 0
-3 51 0 0
-3 53 0 0
-3 55 0 0
-3 57 0 0
-3 59 0 0
-1 -59 0 0
-1 -57 0 0
-1 -55 0 0
-1 -53 -0.0929247 -0.310799
-1 -51 0 0
-1 -49 0 0
-1 -47 0 0
-1 -45 0 0
-1 -43 0 0
-1 -41 0 0
-1 -39 0 0
-1 -37 -0.00430245 -0.310217
-1 -35 -0.00313353 -0.161623
-1 -33 -0.00486689 -0.279692
-1 -31 0.00437203 -0.311882
-1 -29 0.00560001 -0.290584
-1 -27 0.00786907 -0.248087
-1 -25 0.00845382 -0.223315
-1 -23 0.011643 -0.216335
-1 -21 0.0159086 -0.244895
-1 -19 0.0221927 -0.275092
-1 -17 0.0335536 -0.287157
-1 -15 0.0417504 -0.276286
-1 -13 0.0565624 -0.256355
-1 -11 0.0654629 -0.220604
-1 -9 0.0718096 -0.171442
-1 -7 0.0766867 -0.12235
-1 -5 0.0835556 -0.0828879
-1 -3 0.0894244 -0.04654
-1 -1 0.0950027 -0.0157197
-1 1 0.0960691 0.0165727
-1 3 0.0909198 0.0456761
-1 5 0.0834499 0.0817308
-1 7 0.0782511 0.122339
-1 9 0.0735796 0.173913
-1 11 0.0647718 0.22027
-1 13 0.0538328 0.258994
-1 15 0.0461273 0.279053
-1 17 0.0341931 0.292178
-1 19 0.0243081 0.266843
-1 21 0.0144399 0.23993
-1 23 0.0124273 0.228307
-1 25 0.0086939 0.237636
-1 27 0.00768387 0.25088
-1 29 0.00449372 0.29346
-1 31 0.000942084 0.281514
-1 33 0.0423332 0.350967
-1 35 0 0
-1 37 0 0
-1 39 0 0
-1 41 -0.0699761 -0.115444
-1 43 0.0340422 0.0599751
-1 45 0 0
-1 47 0 0
-1 49 0 0
-1 51 0 0
-1 53 0 0
-1 55 -0.0391051 0.153034
-1 57 0 0
-1 59 0.0311623 0.191131
1 -59 0 0
1 -57 0 0
1 -55 0 0
1 -53 0 0
1 -51 0 0
1 -49 0 0
1 -47 0 0
1 -45 0 0
1 -43 0 0
1 -41 -0.00924634 -0.100033
1 -39 0 0
1 -37 0 0
1 -35 0 0
1 -33 0.0224811 -0.23038
1 -31 0.0301541 -0.340174
1 -29 0.0269543 -0.292354
1 -27 0.0268977 -0.249628
1 -25 0.0283699 -0.224562
1 -23 0.0326582 -0.22324
1 -21 0.0397566 -0.226707
1 -19 0.0494279 -0.240617
1 -17 0.0653094 -0.254353
1 -15 0.0774292 -0.250756
1 -13 0.0916484 -0.236398
1 -11 0.10253 -0.201148
1 -9 0.113734 -0.16492
1 -7 0.118606 -0.123376
1 -5 0.129498 -0.0838564
1 -3 0.133179 -0.0513631
1 -1 0.133511 -0.0147264
1 1 0.138428 0.0177028
1 3 0.133889 0.0521598
1 5 0.127775 0.0816809
1 7 0.119689 0.1231
1 9 0.111907 0.165125
1 11 0.102926 0.203905
1 13 0.0928637 0.234892
1 15 0.0756356 0.248883
1 17 0.0633999 0.256353
1 19 0.047657 0.23658
1 21 0.0370012 0.215918
1 23 0.034491 0.226055
1 25 0.029875 0.221412
1 27 0.0263466 0.247652
1 29 0.028814 0.291441
1 31 0.0290384 0.285579
1 33 -0.00667601 0.257541
1 35 -0.103217 0.0896067
1 37 0 0
1 39 0 0
1 41 0 0
1 43 0.0009696 0.124632
1 45 0 0
1 47 0 0
1 49 0 0
1 51 0 0
1 53 0.0350271 0.315539
1 55 0.13034 0.301741
1 57 0 0
1 59 0 0
3 -59 0 0
3 -57 0 0
3 -55 0.108179 -0.0284174
3 -53 0 0
3 -51 0 0
3 -49 0 0
3 -47 0 0
3 -45 0 0
3 -43 0.0732116 -0.151768
3 -41 0 0
3 -39 0 0
3 -37 0.0784937 0.0558392
3 -35 0.0075561 -0.0825496
3 -33 0.0416143 -0.333055
3 -31 0.0472601 -0.343467
3 -29 0.0460766 -0.273971
3 -27 0.0465554 -0.244443
3 -25 0.0463589 -0.212778
3 -23 0.0512967 -0.213268
3 -21 0.0538274 -0.19738
3 -19 0.068645 -0.221202
3 -17 0.0821663 -0.219257
3 -15 0.0954909 -0.206962
3 -13 0.112151 -0.204468
3 -11 0.127349 -0.179837
3 -9 0.136836 -0.14636
3 -7 0.144528 -0.115335
3 -5 0.146697 -0.0778971
3 -3 0.149142 -0.0488277
3 -1 0.149858 -0.015113
3 1 0.15483 0.0158304
3 3 0.150449 0.0442508
3 5 0.149714 0.0807713
3 7 0.138838 0.112633
3 9 0.133939 0.143477
3 11 0.124651 0.174757
3 13 0.112443 0.202317
3 15 0.0965755 0.211929
3 17 0.0855303 0.22747
3 19 0.0690421 0.215925
3 21 0.0578282 0.207571
3 23 0.0475781 0.19971
3 25 0.0484847 0.223702
3 27 0.048928 0.25
3 29 0.0458764 0.282641
3 31 0.0573054 0.345355
3 33 0.039041 0.211928
3 35 0.101512 0.0272347
3 37 0 0
3 39 0.164678 -0.146119
3 41 -0.0136287 0.131324
3 43 0.0328505 0.0223143
3 45 -0.0604723 -0.0637931
3 47 -0.0431726 0.0397633
3 49 -0.105208 -0.0571495
3 51 0 0
3 53 0 0
3 55 0 0
3 57 0 0
3 59 0 0
5 -59 0 0
5 -57 0 0
5 -55 0 0
5 -53 0 0
5 -51 0 0
5 -49 0 0
5 -47 0 0
5 -45 0.119057 -0.109307
5 -43 0.0572641 -0.0537859
5 -41 0 0
5 -39 0 0
5 -37 0 0
5 -35 0 0
5 -33 0.0721211 -0.258319
5 -31 0.0677215 -0.290952
5 -29 0.060647 -0.258729
5 -27 0.0671994 -0.251922
5 -25 0.0677823 -0.223582
5 -23 0.065935 -0.19567
5 -21 0.0710397 -0.190173
5 -19 0.0798272 -0.186592
5 -17 0.0914025 -0.185102
5 -15 0.113077 -0.186444
5 -13 0.124214 -0.172017
5 -11 0.13613 -0.152038
5 -9 0.138523 -0.122476
5 -7 0.144857 -0.0927555
5 -5 0.149227 -0.0672179
5 -3 0.153052 -0.043811
5 -1 0.149406 -0.0119348
5 1 0.151373 0.0132402
5 3 0.14462 0.0365889
5 5 0.153425 0.0690286
5 7 0.144523 0.0981097
5 9 0.14455 0.127899
5 11 0.131317 0.148673
5 13 0.114816 0.162143
5 15 0.10775 0.178892
5 17 0.090732 0.183114
5 19 0.0774022 0.183408
5 21 0.0728371 0.193549
5 23 0.068839 0.205136
5 25 0.0663215 0.218687
5 27 0.0666688 0.246959
5 29 0.0708342 0.291135
5 31 0.0830006 0.320223
5 33 0.110895 0.242185
5 35 0.0263631 0.213262
5 37 0.00187663 0.093006
5 39 0.0301907 0.177361
5 41 -0.0367658 0.146022
5 43 -0.0555707 0.133786
5 45 0 0
5 47 -0.0718604 0.0269735
5 49 0 0
5 51 0 0
5 53 0 0
5 55 0 0
5 57 0 0
5 59 0 0
7 -59 0 0
7 -57 0 0
7 -55 0 0
7 -53 0 0
7 -51 0 0
7 -49 0 0
7 -47 0 0
7 -45 0 0
7 -43 0 0
7 -41 0 0
7 -39 0 0
7 -37 0 0
7 -35 0 0
7 -33 0.07641 -0.302051
7 -31 0.062274 -0.280254
7 -29 0.0892696 -0.294368
7 -27 0.0901368 -0.252614
7 -25 0.0873982 -0.233275
7 -23 0.085708 -0.199532
7 -21 0.0863768 -0.176036
7 -19 0.0887804 -0.1686
7 -17 0.104513 -0.166103
7 -15 0.111374 -0.155386
7 -13 0.120012 -0.140068
7 -11 0.128394 -0.12398
7 -9 0.13868 -0.104771
7 -7 0.140053 -0.079585
7 -5 0.145918 -0.0582209
7 -3 0.153169 -0.0372495
7 -1 0.146484 -0.0105498
7 1 0.148733 0.0127706
7 3 0.149171 0.0364769
7 5 0.145985 0.0581822
7 7 0.141401 0.0818171
7 9 0.139105 0.106116
7 11 0.138805 0.131976
7 13 0.126265 0.146506
7 15 0.118519 0.159253
7 17 0.103051 0.16729
7 19 0.0898584 0.167912
7 21 0.0870526 0.179726
7 23 0.0851664 0.195734
7 25 0.0886264 0.21824
7 27 0.0927772 0.262583
7 29 0.0852418 0.257919
7 31 0.0868354 0.257858
7 33 -0.0951795 0.130042
7 35 0 0
7 37 0.0323317 0.428814
7 39 0.0584654 0.114664
7 41 0 0
7 43 0 0
7 45 -0.055153 -0.108194
7 47 0.019043 0.061581
7 49 0 0
7 51 0 0
7 53 0 0
7 55 0 0
7 57 0.0289902 0.0692565
7 59 -0.193846 0.0156024
9 -59 0.082269 -0.15967
9 -57 0 0
9 -55 0 0
9 -53 0.0104726 -0.00112335
9 -51 0 0
9 -49 0 0
9 -47 0 0
9 -45 0 0
9 -43 0 0
9 -41 0 0
9 -39 0 0
9 -37 0.16251 -0.186956
9 -35 0.0395989 -0.161582
9 -33 -0.014232 -0.0297821
9 -31 0.125012 -0.323174
9 -29 0.103683 -0.27078
9 -27 0.113076 -0.250421
9 -25 0.109273 -0.232345
9 -23 0.110337 -0.208324
9 -21 0.108728 -0.185309
9 -19 0.111077 -0.167107
9 -17 0.110963 -0.151796
9 -15 0.120967 -0.142497
9 -13 0.129048 -0.126569
9 -11 0.132984 -0.110489
9 -9 0.138184 -0.0924785
9 -7 0.14425 -0.0756166
9 -5 0.138864 -0.051118
9 -3 0.140116 -0.0292582
9 -1 0.141747 -0.0107886
9 1 0.145685 0.00838481
9 3 0.137481 0.0311482
9 5 0.143099 0.0523315
9 7 0.144225 0.0726793
9 9 0.135878 0.0924502
9 11 0.127762 0.107525
9 13 0.125334 0.124096
9 15 0.116328 0.136772
9 17 0.113498 0.151814
9 19 0.108887 0.159398
9 21 0.10489 0.180464
9 23 0.104469 0.198265
9 25 0.108418 0.22079
9 27 0.102871 0.239849
9 29 0.115142 0.285222
9 31 0.0740632 0.231829
9 33 0 0
9 35 0.125497 0.0724001
9 37 0.188423 0.374695
9 39 0 0
9 41 -0.0141841 0.0874254
9 43 0 0
9 45 0 0
9 47 0 0
9 49 0 0
9 51 -0.0380143 0.0944036
9 53 0 0
9 55 0 0
9 57 0 0
9 59 0 0
11 -59 0 0
11 -57 0 0
11 -55 0 0
11 -53 0 0
11 -51 -0.0998245 -0.0354159
11 -49 0 0
11 -47 0 0
11 -45 0 0
11 -43 0 0
11 -41 0 0
11 -39 0 0
11 -37 0 0
11 -35 0 0
11 -33 0.0499583 -0.158768
11 -31 0.210673 -0.437661
11 -29 0.122371 -0.257301
11 -27 0.120257 -0.248974
11 -25 0.126748 -0.221718
11 -23 0.128818 -0.206786
11 -21 0.11824 -0.175259
11 -19 0.120482 -0.157725
11 -17 0.122391 -0.139992
11 -15 0.118793 -0.118404
11 -13 0.135798 -0.115497
11 -11 0.132864 -0.098111
11 -9 0.134344 -0.0812206
11 -7 0.137911 -0.0638362
11 -5 0.140304 -0.0442491
11 -3 0.146165 -0.029807
11 -1 0.147163 -0.0129348
11 1 0.147744 0.0102914
11 3 0.146062 0.0301676
11 5 0.145637 0.0482232
11 7 0.140323 0.062311
11 9 0.144071 0.0829802
11 11 0.133922 0.0976919
11 13 0.13847 0.11753
11 15 0.126816 0.12936
11 17 0.118986 0.137548
11 19 0.122796 0.159189
11 21 0.117718 0.172665
11 23 0.122873 0.203889
11 25 0.124144 0.218687
11 27 0.12847 0.253414
11 29 0.119231 0.257555
11 31 0.0555721 0.110365
11 33 0 0
11 35 0 0
11 37 0 0
11 39 0 0
11 41 0 0
11 43 -0.0876662 0.375449
11 45 0 0
11 47 0 0
11 49 0 0
11 51 0 0
11 53 0 0
11 55 0 0
11 57 0 0
11 59 0 0
13 -59 0.174119 -0.0233897
13 -57 0 0
13 -55 0 0
13 -53 0 0
13 -51 0 0
13 -49 0 0
13 -47 0 0
13 -45 0 0
13 -43 0 0
13 -41 0 0
13 -39 0 0
13 -37 0 0
13 -35 0 0
13 -33 0 0
13 -31 0 0
13 -29 0.0976921 -0.185622
13 -27 0.150617 -0.254468
13 -25 0.139943 -0.224759
13 -23 0.13554 -0.190851
13 -21 0.143475 -0.181182
13 -19 0.138886 -0.155449
13 -17 0.142549 -0.140226
13 -15 0.138898 -0.123815
13 -13 0.132104 -0.102004
13 -11 0.149516 -0.0951184
13 -9 0.140412 -0.0742751
13 -7 0.153307 -0.0637681
13 -5 0.145852 -0.0400197
13 -3 0.146347 -0.0249158
13 -1 0.14952 -0.0116419
13 1 0.151856 0.00822634
13 3 0.150727 0.0255475
13 5 0.143344 0.042521
13 7 0.146991 0.0612504
13 9 0.143997 0.0707598
13 11 0.144684 0.091427
13 13 0.138619 0.108625
13 15 0.137604 0.122408
13 17 0.134797 0.134952
13 19 0.137407 0.15483
13 21 0.141962 0.174262
13 23 0.144256 0.199303
13 25 0.134951 0.205125
13 27 0.153399 0.266449
13 29 0.0817022 0.167116
13 31 0.082003 0.173873
13 33 0.0564095 -0.0217828
13 35 0.106774 0.0528584
13 37 0 0
13 39 0 0
13 41 -0.0990708 -0.139771
13 43 0 0
13 45 0 0
13 47 0 0
13 49 0 0
13 51 0.00184798 -0.114608
13 53 0 0
13 55 0 0
13 57 0 0
13 59 0 0
15 -59 0 0
15 -57 0 0
15 -55 0 0
15 -53 0 0
15 -51 0 0
15 -49 0 0
15 -47 0 0
15 -45 0 0
15 -43 0.0531632 -0.00719981
15 -41 0 0
15 -39 0 0
15 -37 0 0
15 -35 -0.0702359 -0.0291795
15 -33 -0.0568525 0.204323
15 -31 0 0
15 -29 0.0907023 -0.176615
15 -27 0.16065 -0.228595
15 -25 0.151063 -0.206792
15 -23 0.169979 -0.213886
15 -21 0.155566 -0.172017
15 -19 0.156915 -0.158334
15 -17 0.157927 -0.141898
15 -15 0.158177 -0.121582
15 -13 0.159756 -0.107599
15 -11 0.148715 -0.0853189
15 -9 0.152476 -0.0685353
15 -7 0.147752 -0.0531188
15 -5 0.156347 -0.0408901
15 -3 0.165467 -0.0267683
15 -1 0.154807 -0.00602467
15 1 0.155135 0.00734406
15 3 0.153 0.0231717
15 5 0.152048 0.0402615
15 7 0.152212 0.054654
15 9 0.152396 0.0712858
15 11 0.15702 0.0853802
15 13 0.15207 0.102828
15 15 0.158218 0.126182
15 17 0.152655 0.137777
15 19 0.158909 0.160736
15 21 0.163757 0.185886
15 23 0.159743 0.196985
15 25 0.172094 0.232963
15 27 0.199339 0.285605
15 29 0.0965112 0.168483
15 31 0 0
15 33 0.0668595 -0.171822
15 35 0 0
15 37 0 0
15 39 0 0
15 41 0 0
15 43 0 0
15 45 0 0
15 47 0 0
15 49 0.298477 0.0458432
15 51 0 0
15 53 0 0
15 55 0.000677886 -0.011029
15 57 0 0
15 59 0 0
17 -59 0 0
17 -57 0 0
17 -55 0 0
17 -53 0 0
17 -51 0.0380569 0.00688434
17 -49 0 0
17 -47 0 0
17 -45 0 0
17 -43 0 0
17 -41 0 0
17 -39 0 0
17 -37 0 0
17 -35 0 0
17 -33 0 0
17 -31 0 0
17 -29 0 0
17 -27 0.0906773 -0.155098
17 -25 0.146709 -0.212699
17 -23 0.194767 -0.227886
17 -21 0.182574 -0.187867
17 -19 0.192105 -0.166571
17 -17 0.175021 -0.138182
17 -15 0.168537 -0.121354
17 -13 0.175312 -0.109387
17 -11 0.169968 -0.0899041
17 -9 0.166467 -0.0749648
17 -7 0.17624 -0.0557803
17 -5 0.16647 -0.0393393
17 -3 0.163486 -0.0231203
17 -1 0.166794 -0.00637845
17 1 0.169624 0.0061883
17 3 0.17133 0.0254629
17 5 0.160841 0.0358083
17 7 0.168128 0.0569096
17 9 0.167029 0.0716845
17 11 0.17308 0.087563
17 13 0.178623 0.108403
17 15 0.169256 0.122013
17 17 0.176011 0.145133
17 19 0.180626 0.16007
17 21 0.193551 0.195706
17 23 0.185282 0.199454
17 25 0.174756 0.212488
17 27 0.114886 0.154494
17 29 -0.0779666 0.0263709
17 31 0 0
17 33 0 0
17 35 0 0
17 37 0 0
17 39 0 0
17 41 0 0
17 43 0.138105 0.327789
17 45 -0.0239178 0.00562883
17 47 0 0
17 49 0 0
17 51 0 0
17 53 0 0
17 55 0.0350401 0.184296
17 57 0 0
17 59 0 0
19 -59 0 0
19 -57 0 0
19 -55 0 0
19 -53 0 0
19 -51 0 0
19 -49 0 0
19 -47 0 0
19 -45 0 0
19 -43 0 0
19 -41 0 0
19 -39 0 0
19 -37 0.170683 -0.035657
19 -35 0 0
19 -33 0 0
19 -31 0 0
19 -29 0 0
19 -27 0 0
19 -25 0.112622 -0.14443
19 -23 0.17462 -0.176066
19 -21 0.205602 -0.184551
19 -19 0.191132 -0.152872
19 -17 0.19201 -0.142225
19 -15 0.1906 -0.121902
19 -13 0.18099 -0.0992918
19 -11 0.190418 -0.0878274
19 -9 0.190438 -0.0790996
19 -7 0.180199 -0.0551741
19 -5 0.192369 -0.0407282
19 -3 0.18565 -0.0223082
19 -1 0.180892 -0.00544564
19 1 0.184478 0.00546649
19 3 0.188668 0.0218479
19 5 0.186374 0.0398902
19 7 0.191491 0.0582837
19 9 0.18719 0.0733944
19 11 0.201699 0.0947294
19 13 0.207419 0.113148
19 15 0.202856 0.133092
19 17 0.194795 0.13733
19 19 0.204968 0.168213
19 21 0.193 0.1762
19 23 0.164495 0.174192
19 25 0.248584 0.268879
19 27 0.118117 0.141099
19 29 0 0
19 31 0.120013 -0.0717227
19 33 0 0
19 35 0 0
19 37 0 0
19 39 0.0901045 0.113776
19 41 0.0925833 0.0915741
19 43 0 0
19 45 0 0
19 47 0 0
19 49 0.0261278 -0.0298394
19 51 0 0
19 53 0 0
19 55 0 0
19 57 0 0
19 59 0 0
21 -59 0 0
21 -57 0 0
21 -55 0 0
21 -53 -0.0793953 -0.0835596
21 -51 0 0
21 -49 0 0
21 -47 0 0
21 -45 0 0
21 -43 0 0
21 -41 0 0
21 -39 0 0
21 -37 0 0
21 -35 -0.100968 -0.0693708
21 -33 0 0
21 -31 0 0
21 -29 0 0
21 -27 0 0
21 -25 0.0952851 -0.113177
21 -23 0.108206 -0.11563
21 -21 0.229742 -0.200245
21 -19 0.199066 -0.142313
21 -17 0.241286 -0.158342
21 -15 0.205242 -0.123249
21 -13 0.228746 -0.120644
21 -11 0.20364 -0.0898463
21 -9 0.218815 -0.0764257
21 -7 0.219379 -0.0567435
21 -5 0.207804 -0.0406436
21 -3 0.210731 -0.0225873
21 -1 0.204503 -0.0106403
21 1 0.199582 0.00974765
21 3 0.206407 0.0242933
21 5 0.207583 0.0411234
21 7 0.20833 0.0594251
21 9 0.213308 0.0724119
21 11 0.210069 0.0896928
21 13 0.210382 0.10773
21 15 0.217554 0.131432
21 17 0.212837 0.135357
21 19 0.206512 0.151685
21 21 0.231082 0.189129
21 23 0.157688 0.157024
21 25 0 0
21 27 0 0
21 29 0 0
21 31 0 0
21 33 0 0
21 35 0 0
21 37 0.152939 0.0745852
21 39 -0.00267557 0.0377545
21 41 0.0493981 -0.0325911
21 43 0 0
21 45 0 0
21 47 0 0
21 49 0 0
21 51 0.0172176 0.0338416
21 53 0 0
21 55 0 0
21 57 0 0
21 59 0 0
23 -59 0 0
23 -57 0 0
23 -55 0 0
23 -53 0 0
23 -51 0 0
23 -49 0 0
23 -47 0 0
23 -45 0 0
23 -43 0 0
23 -41 0 0
23 -39 0 0
23 -37 0 0
23 -35 0 0
23 -33 0 0
23 -31 0 0
23 -29 0 0
23 -27 0 0
23 -25 0.118537 -0.127375
23 -23 0.1159 -0.0987706
23 -21 0.154023 -0.138118
23 -19 0.182859 -0.138899
23 -17 0.185928 -0.116379
23 -15 0.217038 -0.112594
23 -13 0.243885 -0.117525
23 -11 0.232308 -0.0919887
23 -9 0.250142 -0.0742263
23 -7 0.22545 -0.0546401
23 -5 0.235689 -0.0394911
23 -3 0.229317 -0.0261063
23 -1 0.229626 -0.00306546
23 1 0.213048 0.0112158
23 3 0.227209 0.0258463
23 5 0.229056 0.0416062
23 7 0.222447 0.0558874
23 9 0.232867 0.0768239
23 11 0.24837 0.101084
23 13 0.230304 0.111333
23 15 0.255022 0.139768
23 17 0.207005 0.137048
23 19 0.201372 0.137076
23 21 0.185536 0.148472
23 23 0.169876 0.162579
23 25 0.0949643 0.0973031
23 27 0.0963474 0.118334
23 29 0 0
23 31 0 0
23 33 0 0
23 35 0 0
23 37 0 0
23 39 0 0
23 41 0 0
23 43 0 0
23 45 0 0
23 47 0 0
23 49 0 0
23 51 0 0
23 53 0 0
23 55 0 0
23 57 0 0
23 59 0 0
25 -59 0 0
25 -57 0 0
25 -55 0 0
25 -53 0 0
25 -51 0 0
25 -49 0 0
25 -47 0 0
25 -45 0 0
25 -43 0 0
25 -41 0 0
25 -39 0 0
25 -37 0 0
25 -35 0 0
25 -33 0 0
25 -31 0 0
25 -29 0 0
25 -27 0 0
25 -25 0.00835103 -0.0161813
25 -23 0 0
25 -21 0 0
25 -19 0.0831166 -0.0554221
25 -17 0.198649 -0.119654
25 -15 0.214822 -0.107091
25 -13 0.217923 -0.0976163
25 -11 0.233377 -0.0795739
25 -9 0.221124 -0.0713082
25 -7 0.243654 -0.0546334
25 -5 0.237718 -0.0392057
25 -3 0.279602 -0.0213567
25 -1 0.239936 -0.0130954
25 1 0.232876 0.00666983
25 3 0.246837 0.0201996
25 5 0.259384 0.0422845
25 7 0.226033 0.0583591
25 9 0.230126 0.0729245
25 11 0.217249 0.0768034
25 13 0.196856 0.0903774
25 15 0.245895 0.111031
25 17 0.20163 0.128275
25 19 0.126059 0.0712471
25 21 0.106757 0.0833832
25 23 0.130196 0.0179787
25 25 0 0
25 27 0 0
25 29 0.0503124 0.0209717
25 31 0 0
25 33 0 0
25 35 0 0
25 37 0 0
25 39 0 0
25 41 0 0
25 43 0 0
25 45 0 0
25 47 -0.0242113 0.117147
25 49 0 0
25 51 0 0
25 53 -0.0320604 0.0996277
25 55 0 0
25 57 0 0
25 59 0 0
27 -59 0 0
27 -57 0 0
27 -55 0 0
27 -53 0 0
27 -51 -0.0833544 -0.00614102
27 -49 0 0
27 -47 0 0
27 -45 0 0
27 -43 0 0
27 -41 0.055158 -0.0152797
27 -39 0 0
27 -37 0 0
27 -35 0 0
27 -33 0 0
27 -31 0.136935 -0.173942
27 -29 0.0296328 -0.173631
27 -27 0.115837 -0.143811
27 -25 -0.00844458 -0.109947
27 -23 0 0
27 -21 0 0
27 -19 0 0
27 -17 0.130123 -0.0691083
27 -15 0.218223 -0.104729
27 -13 0.198087 -0.0840381
27 -11 0.128997 -0.0488211
27 -9 0.203324 -0.0661059
27 -7 0.261514 -0.0552689
27 -5 0.205646 -0.0316133
27 -3 0.239349 -0.0277594
27 -1 0.177743 -0.00402834
27 1 0.278885 -0.000522386
27 3 0.217592 0.026528
27 5 0.222059 0.0344526
27 7 0.220474 0.0426449
27 9 0.306653 0.0855572
27 11 0.127334 0.0503732
27 13 0.207166 0.0941449
27 15 0.133331 0.0469363
27 17 0.107171 0.079759
27 19 0 0
27 21 0 0
27 23 0 0
27 25 0 0
27 27 0 0
27 29 0.112307 0.0343807
27 31 0 0
27 33 0 0
27 35 0 0
27 37 0 0
27 39 0 0
27 41 0 0
27 43 0 0
27 45 0 0
27 47 0 0
27 49 0 0
27 51 -0.0731314 0.0395189
27 53 0 0
27 55 0 0
27 57 0 0
27 59 0 0
29 -59 0 0
29 -57 0 0
29 -55 0 0
29 -53 0 0
29 -51 0 0
29 -49 0 0
29 -47 0 0
29 -45 0 0
29 -43 0 0
29 -41 0.0244727 -0.0672088
29 -39 0 0
29 -37 0 0
29 -35 0 0
29 -33 0 0
29 -31 0.103239 -0.100129
29 -29 0 0
29 -27 0 0
29 -25 0 0
29 -23 0 0
29 -21 0 0
29 -19 0 0
29 -17 0 0
29 -15 0.124131 -0.0581429
29 -13 0.112788 -0.0404916
29 -11 0.163172 -0.0574861
29 -9 0.146858 -0.0457654
29 -7 0.197545 -0.0415414
29 -5 0.0929189 -0.0149966
29 -3 0.126541 -0.013422
29 -1 0.215655 0.0017402
29 1 0.164833 0.0220771
29 3 0.201415 0.0178968
29 5 0.188575 0.0319636
29 7 0.165069 0.0446615
29 9 0.147958 0.0530572
29 11 0.0874789 0.0382454
29 13 0.167966 0.0731043
29 15 0 0
29 17 0 0
29 19 0 0
29 21 0 0
29 23 0 0
29 25 0 0
29 27 0 0
29 29 0 0
29 31 0 0
29 33 0 0
29 35 -0.0142526 -0.0218527
29 37 0 0
29 39 0 0
29 41 0 0
29 43 0 0
29 45 0 0
29 47 0 0
29 49 0 0
29 51 0 0
29 53 0 0
29 55 0 0
29 57 0 0
29 59 0 0
31 -59 0.00927837 -0.0429608
31 -57 0 0
31 -55 0.188992 -0.158382
31 -53 0 0
31 -51 0 0
31 -49 0 0
31 -47 0 0
31 -45 0 0
31 -43 0 0
31 -41 0 0
31 -39 0 0
31 -37 0 0
31 -35 0 0
31 -33 0.0434674 0.0489463
31 -31 0 0
31 -29 0 0
31 -27 0 0
31 -25 0 0
31 -23 0.00766125 -0.0665192
31 -21 0 0
31 -19 0 0
31 -17 0.0971675 -0.0502387
31 -15 0 0
31 -13 0 0
31 -11 0.201213 -0.0774379
31 -9 0 0
31 -7 0.375843 -0.0464604
31 -5 0.120408 -0.00896396
31 -3 0.169801 -0.0156381
31 -1 0.156744 -0.00256825
31 1 0 0
31 3 0 0
31 5 0.17395 0.0415775
31 7 0 0
31 9 0.0919086 -0.0387563
31 11 0.0605079 0.0319085
31 13 -0.129142 0.126802
31 15 -0.0666285 0.0293301
31 17 0 0
31 19 0 0
31 21 0 0
31 23 0 0
31 25 0 0
31 27 0 0
31 29 0 0
31 31 0 0
31 33 0 0
31 35 0 0
31 37 0 0
31 39 0 0
31 41 0 0
31 43 0 0
31 45 0 0
31 47 0 0
31 49 0 0
31 51 0 0
31 53 0 0
31 55 0 0
31 57 0 0
31 59 0 0
33 -59 0 0
33 -57 0 0
33 -55 0 0
33 -53 0 0
33 -51 0 0
33 -49 0 0
33 -47 0 0
33 -45 0 0
33 -43 0 0
33 -41 0 0
33 -39 0 0
33 -37 0 0
33 -35 0 0
33 -33 0 0
33 -31 0 0
33 -29 0 0
33 -27 0 0
33 -25 0 0
33 -23 0 0
33 -21 0 0
33 -19 0 0
33 -17 0 0
33 -15 0 0
33 -13 0 0
33 -11 0.0708956 0.0133558
33 -9 0 0
33 -7 0 0
33 -5 0.173253 -0.0292202
33 -3 0 0
33 -1 0 0
33 1 0 0
33 3 0 0
33 5 0.149196 0.0184642
33 7 0.26021 0.0469617
33 9 0 0
33 11 0 0
33 13 0 0
33 15 0 0
33 17 0 0
33 19 0 0
33 21 -0.0573316 0.0130502
33 23 0 0
33 25 0 0
33 27 0 0
33 29 0 0
33 31 0 0
33 33 0 0
33 35 0 0
33 37 0 0
33 39 0 0
33 41 0 0
33 43 0 0
33 45 0 0
33 47 0.0943539 -0.0346881
33 49 0 0
33 51 0.0453212 0.0319137
33 53 0 0
33 55 0 0
33 57 0 0
33 59 0 0
35 -59 0 0
35 -57 0 0
35 -55 0 0
35 -53 0 0
35 -51 0 0
35 -49 0 0
35 -47 0 0
35 -45 0 0
35 -43 0 0
35 -41 0 0
35 -39 0 0
35 -37 0 0
35 -35 0 0
35 -33 0 0
35 -31 0 0
35 -29 0 0
35 -27 0 0
35 -25 0 0
35 -23 0 0
35 -21 0 0
35 -19 0 0
35 -17 0 0
35 -15 0 0
35 -13 0 0
35 -11 0 0
35 -9 0 0
35 -7 0 0
35 -5 0.171855 -0.0265336
35 -3 0 0
35 -1 0 0
35 1 0 0
35 3 0 0
35 5 0 0
35 7 0 0
35 9 0 0
35 11 0 0
35 13 0 0
35 15 0 0
35 17 0 0
35 19 0 0
35 21 0 0
35 23 0 0
35 25 0 0
35 27 0 0
35 29 0 0
35 31 0 0
35 33 0 0
35 35 0 0
35 37 0 0
35 39 0 0
35 41 0 0
35 43 0 0
35 45 0 0
35 47 0 0
35 49 0 0
35 51 0 0
35 53 0 0
35 55 0 0
35 57 0 0
35 59 0 0
37 -59 0 0
37 -57 0 0
37 -55 0 0
37 -53 0 0
37 -51 0 0
37 -49 0 0
37 -47 -0.0536744 -0.00722462
37 -45 0 0
37 -43 0 0
37 -41 0.0105184 -0.0775012
37 -39 0 0
37 -37 0 0
37 -35 0 0
37 -33 0 0
37 -31 0 0
37 -29 0 0
37 -27 0 0
37 -25 0 0
37 -23 0 0
37 -21 0 0
37 -19 0 0
37 -17 0 0
37 -15 0 0
37 -13 0 0
37 -11 0 0
37 -9 0 0
37 -7 0 0
37 -5 0 0
37 -3 0 0
37 -1 0 0
37 1 0.00185983 -0.00955588
37 3 0 0
37 5 0 0
37 7 0 0
37 9 0 0
37 11 0.146079 -0.123223
37 13 0.0985675 0.0958381
37 15 0 0
37 17 0 0
37 19 0 0
37 21 0 0
37 23 0 0
37 25 -0.134887 0.164084
37 27 0 0
37 29 0 0
37 31 0 0
37 33 0 0
37 35 0 0
37 37 0 0
37 39 0 0
37 41 0 0
37 43 0 0
37 45 0 0
37 47 0 0
37 49 0 0
37 51 0 0
37 53 0 0
37 55 0 0
37 57 0 0
37 59 0 0
39 -59 0 0
39 -57 0 0
39 -55 0 0
39 -53 0 0
39 -51 0 0
39 -49 0 0
39 -47 0 0
39 -45 0 0
39 -43 0 0
39 -41 0 0
39 -39 0 0
39 -37 0 0
39 -35 0 0
39 -33 0 0
39 -31 0 0
39 -29 0 0
39 -27 0 0
39 -25 0 0
39 -23 0 0
39 -21 0 0
39 -19 0 0
39 -17 0 0
39 -15 0.179352 0.0867921
39 -13 0 0
39 -11 0 0
39 -9 0 0
39 -7 0 0
39 -5 0 0
39 -3 0 0
39 -1 0 0
39 1 0 0
39 3 0 0
39 5 0 0
39 7 0 0
39 9 0 0
39 11 0 0
39 13 0 0
39 15 0 0
39 17 0 0
39 19 0 0
39 21 0 0
39 23 0 0
39 25 0 0
39 27 0 0
39 29 0 0
39 31 0 0
39 33 0 0
39 35 0 0
39 37 0 0
39 39 0 0
39 41 0 0
39 43 0 0
39 45 0 0
39 47 0 0
39 49 0.0713834 0.105773
39 51 0 0
39 53 0 0
39 55 0 0
39 57 0 0
39 59 0 0
41 -59 0 0
41 -57 0 0
41 -55 0 0
41 -53 0 0
41 -51 0 0
41 -49 0 0
41 -47 0 0
41 -45 0 0
41 -43 0 0
41 -41 0 0
41 -39 0.0986934 -0.0167677
41 -37 0 0
41 -35 0 0
41 -33 0 0
41 -31 0 0
41 -29 0 0
41 -27 0 0
41 -25 0 0
41 -23 0 0
41 -21 0 0
41 -19 0 0
41 -17 0 0
41 -15 0 0
41 -13 0 0
41 -11 0 0
41 -9 0 0
41 -7 0 0
41 -5 0 0
41 -3 0 0
41 -1 0 0
41 1 0 0
41 3 0 0
41 5 0 0
41 7 0 0
41 9 0 0
41 11 0 0
41 13 0 0
41 15 0 0
41 17 0 0
41 19 0.00308014 0.101362
41 21 0.0816141 -0.0203424
41 23 0 0
41 25 0 0
41 27 0 0
41 29 0 0
41 31 0 0
41 33 0 0
41 35 0 0
41 37 0 0
41 39 0 0
41 41 0 0
41 43 0 0
41 45 0 0
41 47 0 0
41 49 0 0
41 51 0 0
41 53 0 0
41 55 0 0
41 57 0 0
41 59 0 0
43 -59 0 0
43 -57 0 0
43 -55 0.305078 -0.242511
43 -53 0 0
43 -51 0 0
43 -49 0 0
43 -47 0 0
43 -45 0 0
43 -43 0 0
43 -41 0 0
43 -39 0 0
43 -37 0 0
43 -35 0 0
43 -33 0 0
43 -31 0 0
43 -29 0.080105 -0.0662412
43 -27 0 0
43 -25 0 0
43 -23 0 0
43 -21 0 0
43 -19 0 0
43 -17 0 0
43 -15 0 0
43 -13 0 0
43 -11 0 0
43 -9 0 0
43 -7 0.0349654 -0.128346
43 -5 0 0
43 -3 0 0
43 -1 0 0
43 1 0 0
43 3 0 0
43 5 0.133287 -0.117923
43 7 0 0
43 9 0 0
43 11 0 0
43 13 0.0643285 0.155376
43 15 0 0
43 17 0 0
43 19 0 0
43 21 0 0
43 23 0 0
43 25 0 0
43 27 0 0
43 29 0 0
43 31 0 0
43 33 0 0
43 35 0 0
43 37 0 0
43 39 0 0
43 41 0 0
43 43 0 0
43 45 0.0771007 0.157283
43 47 0 0
43 49 0 0
43 51 0 0
43 53 0 0
43 55 0 0
43 57 0 0
43 59 0 0
45 -59 0 0
45 -57 0 0
45 -55 0 0
45 -53 0 0
45 -51 0 0
45 -49 0 0
45 -47 0 0
45 -45 0 0
45 -43 0 0
45 -41 0 0
45 -39 0 0
45 -37 0 0
45 -35 0 0
45 -33 0 0
45 -31 0 0
45 -29 0 0
45 -27 0 0
45 -25 0 0
45 -23 0 0
45 -21 0 0
45 -19 0 0
45 -17 0 0
45 -15 0 0
45 -13 0 0
45 -11 0 0
45 -9 -0.168865 0.0513546
45 -7 0 0
45 -5 0 0
45 -3 0 0
45 -1 0 0
45 1 0 0
45 3 0 0
45 5 0 0
45 7 0 0
45 9 -0.107385 -0.0241537
45 11 0 0
45 13 0 0
45 15 0 0
45 17 0 0
45 19 0 0
45 21 0 0
45 23 0 0
45 25 0 0
45 27 0 0
45 29 0 0
45 31 0 0
45 33 0 0
45 35 0 0
45 37 0 0
45 39 0 0
45 41 0 0
45 43 0 0
45 45 0 0
45 47 0 0
45 49 -0.0631214 0.065698
45 51 0 0
45 53 0 0
45 55 0 0
45 57 0 0
45 59 0 0
47 -59 0 0
47 -57 0 0
47 -55 0.094191 0.0117157
47 -53 0 0
47 -51 0 0
47 -49 0 0
47 -47 0 0
47 -45 0 0
47 -43 0 0
47 -41 0 0
47 -39 0 0
47 -37 0 0
47 -35 0 0
47 -33 0 0
47 -31 0 0
47 -29 -0.120589 0.000970775
47 -27 0 0
47 -25 0 0
47 -23 0 0
47 -21 0 0
47 -19 0 0
47 -17 0 0
47 -15 0 0
47 -13 0 0
47 -11 0 0
47 -9 0 0
47 -7 0 0
47 -5 0 0
47 -3 0 0
47 -1 0 0
47 1 0 0
47 3 0.137169 -0.0596084
47 5 0 0
47 7 0 0
47 9 0 0
47 11 0 0
47 13 0 0
47 15 0.0606262 -0.0169443
47 17 0 0
47 19 0 0
47 21 0.00870766 -0.0703198
47 23 0 0
47 25 0 0
47 27 0 0
47 29 0 0
47 31 0 0
47 33 0 0
47 35 0 0
47 37 0 0
47 39 0 0
47 41 0 0
47 43 0 0
47 45 0 0
47 47 0 0
47 49 0 0
47 51 0 0
47 53 0 0
47 55 0 0
47 57 0 0
47 59 0 0
49 -59 0 0
49 -57 0 0
49 -55 0 0
49 -53 0 0
49 -51 0 0
49 -49 0.195182 -0.102209
49 -47 0 0
49 -45 0 0
49 -43 0 0
49 -41 0 0
49 -39 0 0
49 -37 0 0
49 -35 0 0
49 -33 0 0
49 -31 0 0
49 -29 0 0
49 -27 0 0
49 -25 0 0
49 -23 0 0
49 -21 0 0
49 -19 0 0
49 -17 0 0
49 -15 0 0
49 -13 0 0
49 -11 0 0
49 -9 0 0
49 -7 0 0
49 -5 0 0
49 -3 0 0
49 -1 0 0
49 1 0 0
49 3 0 0
49 5 0 0
49 7 0 0
49 9 0 0
49 11 0 0
49 13 0 0
49 15 0.234331 0.0797537
49 17 0 0
49 19 0 0
49 21 0 0
49 23 0 0
49 25 0 0
49 27 0 0
49 29 0 0
49 31 0 0
49 33 0 0
49 35 0 0
49 37 0 0
49 39 0 0
49 41 0 0
49 43 0 0
49 45 0 0
49 47 0 0
49 49 0 0
49 51 0 0
49 53 0 0
49 55 0 0
49 57 0 0
49 59 0 0
51 -59 0 0
51 -57 0 0
51 -55 0 0
51 -53 0 0
51 -51 0 0
51 -49 0 0
51 -47 0 0
51 -45 0 0
51 -43 0 0
51 -41 0 0
51 -39 0 0
51 -37 0 0
51 -35 0 0
51 -33 0 0
51 -31 0 0
51 -29 0 0
51 -27 0 0
51 -25 0 0
51 -23 0 0
51 -21 0 0
51 -19 0.0250757 0.0200433
51 -17 0 0
51 -15 0 0
51 -13 0 0
51 -11 0.125502 -0.0609954
51 -9 0 0
51 -7 0 0
51 -5 0 0
51 -3 0 0
51 -1 0 0
51 1 0 0
51 3 0 0
51 5 0 0
51 7 0 0
51 9 0 0
51 11 0 0
51 13 0 0
51 15 0 0
51 17 0 0
51 19 0 0
51 21 0 0
51 23 0 0
51 25 0 0
51 27 0 0
51 29 0 0
51 31 0 0
51 33 0 0
51 35 0 0
51 37 0 0
51 39 0 0
51 41 0 0
51 43 0 0
51 45 0 0
51 47 0 0
51 49 0 0
51 51 0 0
51 53 0 0
51 55 0 0
51 57 0 0
51 59 0 0
53 -59 0 0
53 -57 0 0
53 -55 0 0
53 -53 0 0
53 -51 0 0
53 -49 0 0
53 -47 0 0
53 -45 0 0
53 -43 0 0
53 -41 0 0
53 -39 0 0
53 -37 0 0
53 -35 0 0
53 -33 0 0
53 -31 0 0
53 -29 0 0
53 -27 0 0
53 -25 0 0
53 -23 0 0
53 -21 0 0
53 -19 0 0
53 -17 0 0
53 -15 0 0
53 -13 0 0
53 -11 0 0
53 -9 0 0
53 -7 0 0
53 -5 0 0
53 -3 0 0
53 -1 0 0
53 1 0 0
53 3 0 0
53 5 0 0
53 7 0 0
53 9 0 0
53 11 0 0
53 13 0 0
53 15 0 0
53 17 0 0
53 19 0 0
53 21 0 0
53 23 0 0
53 25 0 0
53 27 0 0
53 29 0.0817814 0.220067
53 31 -0.0833282 0.0469574
53 33 0 0
53 35 0 0
53 37 0 0
53 39 0 0
53 41 0 0
53 43 0 0
53 45 0 0
53 47 0 0
53 49 0.0728173 0.155781
53 51 0 0
53 53 0 0
53 55 0 0
53 57 0 0
53 59 0 0
55 -59 0 0
55 -57 0 0
55 -55 0 0
55 -53 0 0
55 -51 0 0
55 -49 0 0
55 -47 0 0
55 -45 0 0
55 -43 0 0
55 -41 0 0
55 -39 0 0
55 -37 0 0
55 -35 0 0
55 -33 0 0
55 -31 0 0
55 -29 0 0
55 -27 0 0
55 -25 0 0
55 -23 0 0
55 -21 0 0
55 -19 0 0
55 -17 0 0
55 -15 0 0
55 -13 0 0
55 -11 0 0
55 -9 0 0
55 -7 0 0
55 -5 0 0
55 -3 0 0
55 -1 0.0656364 -0.017778
55 1 0 0
55 3 0 0
55 5 0 0
55 7 0 0
55 9 0.119732 0.226983
55 11 0 0
55 13 0 0
55 15 0 0
55 17 0 0
55 19 0 0
55 21 0 0
55 23 0 0
55 25 0 0
55 27 0 0
55 29 0 0
55 31 0 0
55 33 0 0
55 35 0 0
55 37 0 0
55 39 0 0
55 41 0 0
55 43 0 0
55 45 0 0
55 47 0 0
55 49 0 0
55 51 0 0
55 53 0 0
55 55 0 0
55 57 0 0
55 59 0 0
57 -59 0 0
57 -57 0 0
57 -55 0 0
57 -53 0 0
57 -51 0 0
57 -49 0 0
57 -47 0 0
57 -45 0 0
57 -43 0 0
57 -41 0 0
57 -39 0 0
57 -37 0 0
57 -35 0 0
57 -33 0 0
57 -31 0 0
57 -29 0 0
57 -27 0 0
57 -25 0 0
57 -23 0 0
57 -21 0 0
57 -19 0 0
57 -17 0 0
57 -15 0 0
57 -13 0 0
57 -11 0 0
57 -9 0 0
57 -7 0 0
57 -5 0 0
57 -3 0 0
57 -1 0 0
57 1 0 0
57 3 0 0
57 5 0 0
57 7 0 0
57 9 0 0
57 11 0 0
57 13 0 0
57 15 0 0
57 17 0 0
57 19 0 0
57 21 0 0
57 23 0 0
57 25 0.0772759 0.110235
57 27 0 0
57 29 0 0
57 31 0 0
57 33 0 0
57 35 0 0
57 37 0 0
57 39 0 0
57 41 0 0
57 43 0 0
57 45 0 0
57 47 0 0
57 49 0 0
57 51 0 0
57 53 0 0
57 55 0 0
57 57 0 0
57 59 0 0
59 -59 0 0
59 -57 0 0
59 -55 0 0
59 -53 0 0
59 -51 0 0
59 -49 0 0
59 -47 0 0
59 -45 0 0
59 -43 0 0
59 -41 -0.115453 -0.0775694
59 -39 0 0
59 -37 0 0
59 -35 0 0
59 -33 0 0
59 -31 0 0
59 -29 0 0
59 -27 0 0
59 -25 0 0
59 -23 0 0
59 -21 0 0
59 -19 0 0
59 -17 0 0
59 -15 0 0
59 -13 0 0
59 -11 0 0
59 -9 0 0
59 -7 0 0
59 -5 0 0
59 -3 0 0
59 -1 0 0
59 1 0 0
59 3 0 0
59 5 0 0
59 7 0 0
59 9 0 0
59 11 0 0
59 13 0 0
59 15 0 0
59 17 0 0
59 19 0 0
59 21 0 0
59 23 0 0
59 25 0 0
59 27 0 0
59 29 0 0
59 31 0 0
59 33 0 0
59 35 0 0
59 37 0 0
59 39 0 0
59 41 0 0
59 43 0 0
59 45 0 0
59 47 0 0
59 49 0 0
59 51 0 0
59 53 0 0
59 55 0 0
59 57 0 0
59 59 0 0
