-59 -59 0 0
-59 -57 -0.299255 -0.343616
-59 -55 -0.203896 -0.137474
-59 -53 0 0
-59 -51 -0.26094 -0.156888
-59 -49 -0.184829 -0.0940953
-59 -47 -0.30025 -0.225885
-59 -45 -0.177478 -0.188555
-59 -43 -0.236264 -0.15464
-59 -41 -0.323137 -0.39197
-59 -39 -0.36876 -0.28222
-59 -37 -0.330452 -0.175928
-59 -35 -0.265991 0.032532
-59 -33 -0.108922 -0.170571
-59 -31 -0.244546 0.0107828
-59 -29 -0.409402 -0.204192
-59 -27 -0.204318 -0.167264
-59 -25 -0.32939 -0.374159
-59 -23 -0.312937 -0.116806
-59 -21 -0.238018 -0.0899242
-59 -19 -0.28912 -0.078608
-59 -17 -0.349446 -0.058776
-59 -15 -0.108264 -0.0785999
-59 -13 -0.196677 -0.0512335
-59 -11 -0.0318859 -0.0059714
-59 -9 -0.211008 -0.0344115
-59 -7 -0.317501 0.00747167
-59 -5 -0.172454 -0.0441118
-59 -3 -0.132311 -0.0164923
-59 -1 -0.399605 -0.0239764
-59 1 -0.237014 0.0565494
-59 3 -0.147779 0.0416672
-59 5 -0.0258172 -0.00138267
-59 7 -0.131035 -0.0688276
-59 9 0 0
-59 11 -0.530596 0.138287
-59 13 -0.321149 0.0458405
-59 15 -0.483941 0.1878
-59 17 -0.317301 0.10619
-59 19 -0.447947 0.124455
-59 21 -0.299738 0.0627836
-59 23 -0.107524 0.161775
-59 25 -0.184916 0.105742
-59 27 -0.0574092 0.128115
-59 29 -0.506356 0.243597
-59 31 -0.364489 0.176116
-59 33 0.038064 0.157289
-59 35 -0.162093 0.109716
-59 37 -0.591742 0.364445
-59 39 -0.0583547 0.0634445
-59 41 0 0
-59 43 -0.128758 0.14217
-59 45 -0.200805 0.303591
-59 47 0.0491826 0.0310446
-59 49 0 0
-59 51 -0.134346 0.132474
-59 53 0 0
-59 55 -0.22524 0.135213
-59 57 -0.257371 0.149071
-59 59 -0.19185 0.187807
-57 -59 -0.0535272 0.025178
-57 -57 -0.568963 -0.620772
-57 -55 0 0
-57 -53 0 0
-57 -51 0.109769 -0.284754
-57 -49 -0.25476 -0.289516
-57 -47 -0.192138 -0.146816
-57 -45 -0.0774368 0.0240266
-57 -43 -0.183616 -0.190956
-57 -41 -0.207132 -0.155375
-57 -39 -0.442782 -0.109199
-57 -37 -0.703305 -0.371175
-57 -35 -0.256039 -0.191721
-57 -33 -0.120146 0.00414556
-57 -31 -0.189912 -0.0500032
-57 -29 -0.112198 -0.0845975
-57 -27 -0.430088 -0.167538
-57 -25 -0.507089 -0.219962
-57 -23 -0.365703 -0.149745
-57 -21 -0.628886 -0.251822
-57 -19 -0.247976 -0.0314573
-57 -17 -0.51582 -0.161311
-57 -15 -0.378863 -0.118017
-57 -13 -0.235026 -0.0892058
-57 -11 -0.195391 -0.154274
-57 -9 -0.415297 -0.0386783
-57 -7 -0.19565 -0.0275484
-57 -5 -0.319588 0.0520981
-57 -3 -0.316474 0.0525664
-57 -1 -0.00166814 0.0274055
-57 1 -0.42995 -0.00658565
-57 3 -0.484384 0.101612
-57 5 -0.235285 0.0132145
-57 7 -0.352717 0.0391938
-57 9 -0.200244 0.00505723
-57 11 -0.186864 -0.0219093
-57 13 -0.271203 0.235786
-57 15 -0.558924 0.134952
-57 17 -0.248711 0.0687248
-57 19 -0.341861 0.0747152
-57 21 -0.362329 0.157523
-57 23 -0.411784 0.182682
-57 25 -0.242052 -0.0310257
-57 27 -0.201791 0.0733337
-57 29 -0.148675 0.123306
-57 31 -0.108128 -0.0565639
-57 33 -0.487346 0.335771
-57 35 -0.267381 0.0985814
-57 37 -0.13124 0.0333409
-57 39 -0.115516 0.0541834
-57 41 -0.0877353 0.204412
-57 43 -0.119455 0.198673
-57 45 -0.431022 0.516313
-57 47 -0.242265 0.199374
-57 49 0.0642616 0.096163
-57 51 -0.372805 0.144424
-57 53 0 0
-57 55 -0.45549 0.50608
-57 57 -0.0244293 0.0507256
-57 59 -0.126615 -0.000448636
-55 -59 -0.327492 -0.417396
-55 -57 -0.214133 -0.436045
-55 -55 0 0
-55 -53 -0.105254 -0.155714
-55 -51 -0.126045 -0.0957863
-55 -49 0 0
-55 -47 -0.130129 -0.148566
-55 -45 -0.0629324 0.00050573
-55 -43 -0.21188 -0.135756
-55 -41 -0.526264 -0.374684
-55 -39 -0.401845 -0.196667
-55 -37 -0.424702 -0.180998
-55 -35 -0.433013 -0.478414
-55 -33 -0.181381 -0.0701193
-55 -31 -0.358736 -0.200574
-55 -29 -0.21595 -0.0579947
-55 -27 -0.213298 -0.118959
-55 -25 -0.503134 -0.0814781
-55 -23 -0.35265 -0.0981173
-55 -21 -0.232738 -0.0970441
-55 -19 -0.178415 -0.046498
-55 -17 -0.257353 -0.0199012
-55 -15 -0.241412 -0.060946
-55 -13 -0.25974 -0.0385525
-55 -11 -0.300787 -0.0830486
-55 -9 -0.177854 -0.0852398
-55 -7 -0.324342 0.0712053
-55 -5 -0.207158 -0.0343856
-55 -3 -0.094175 -0.131272
-55 -1 -0.688332 -0.024792
-55 1 -0.251321 0.0353487
-55 3 -0.301016 -0.000676039
-55 5 -0.178739 0.0981876
-55 7 -0.227456 0.139274
-55 9 -0.551308 0.148545
-55 11 -0.264158 0.0583436
-55 13 -0.267886 0.0704863
-55 15 -0.274699 0.0994206
-55 17 -0.365246 0.0859045
-55 19 -0.301707 0.146755
-55 21 -0.171703 -0.0569026
-55 23 -0.247451 0.147191
-55 25 -0.323979 0.152725
-55 27 -0.274716 0.0892569
-55 29 -0.278381 0.177762
-55 31 -0.070411 0.019996
-55 33 -0.338302 0.200345
-55 35 -0.254877 0.307406
-55 37 -0.32733 0.312426
-55 39 -0.0509348 0.113863
-55 41 -0.0685911 0.150913
-55 43 0 0
-55 45 -0.00142067 0.0872007
-55 47 0.0080117 0.34829
-55 49 -0.215497 0.249006
-55 51 -0.235512 0.174829
-55 53 -0.141085 0.231159
-55 55 0.000220932 -0.0364915
-55 57 0 0
-55 59 -0.218183 0.17173
-53 -59 0.0321884 -0.125276
-53 -57 -0.0299734 -0.302713
-53 -55 0 0
-53 -53 -0.192419 -0.485812
-53 -51 0 0
-53 -49 -0.16826 -0.15489
-53 -47 -0.139647 -0.00832121
-53 -45 -0.263287 -0.266186
-53 -43 -0.170447 -0.114848
-53 -41 -0.202175 -0.133001
-53 -39 -0.189858 0.0310825
-53 -37 -0.343963 -0.270575
-53 -35 0.0496699 0.00528811
-53 -33 -0.120239 -0.0812013
-53 -31 -0.363478 -0.174508
-53 -29 -0.027628 -0.140162
-53 -27 0 0
-53 -25 -0.352753 -0.159505
-53 -23 -0.501914 -0.289748
-53 -21 -0.32275 -0.149189
-53 -19 -0.295557 -0.141025
-53 -17 -0.267299 -0.145217
-53 -15 -0.229013 -0.0753396
-53 -13 -0.188959 0.0622221
-53 -11 -0.150315 -0.0712836
-53 -9 -0.349919 -0.0543626
-53 -7 -0.404046 -0.089841
-53 -5 -0.391224 -0.0145282
-53 -3 -0.338018 -0.0558179
-53 -1 -0.26036 0.016475
-53 1 -0.157712 0.0909666
-53 3 -0.218856 -0.0317582
-53 5 -0.240723 0.0218498
-53 7 -0.27909 0.0709466
-53 9 -0.471785 0.00358519
-53 11 -0.517214 0.169467
-53 13 -0.257729 0.0935862
-53 15 -0.18827 0.0131541
-53 17 -0.18731 0.0387065
-53 19 -0.20931 0.0668054
-53 21 -0.317431 0.104797
-53 23 -0.284926 0.141001
-53 25 -0.299173 0.1592
-53 27 -0.0928056 0.0460041
-53 29 -0.388517 0.241493
-53 31 -0.329604 0.0767581
-53 33 -0.412511 0.235787
-53 35 -0.194425 0.348468
-53 37 -0.160409 0.111554
-53 39 -0.232522 0.132276
-53 41 -0.354123 0.19446
-53 43 -0.453712 0.395408
-53 45 -0.186006 0.14339
-53 47 -0.0138369 0.184333
-53 49 -0.547967 0.484556
-53 51 0 0
-53 53 -0.453374 0.811506
-53 55 -0.185537 0.265333
-53 57 -0.0757889 0.0556246
-53 59 -0.37139 0.187466
-51 -59 0 0
-51 -57 -0.00513954 -0.00621111
-51 -55 -0.231623 -0.0169428
-51 -53 -0.0591041 -0.0773452
-51 -51 -0.0244558 0.0150769
-51 -49 0 0
-51 -47 -0.182777 -0.216579
-51 -45 -0.0694402 -0.133617
-51 -43 -0.298208 -0.20067
-51 -41 -0.318087 -0.321678
-51 -39 -0.226332 -0.214053
-51 -37 -0.238918 -0.0855559
-51 -35 -0.19256 -0.137921
-51 -33 -0.392381 -0.194615
-51 -31 -0.0376669 -0.0845237
-51 -29 -0.0383761 -0.0123331
-51 -27 -0.132725 -0.107405
-51 -25 -0.281431 -0.124705
-51 -23 -0.3212 -0.139354
-51 -21 -0.145559 -0.0845457
-51 -19 -0.238529 -0.0626577
-51 -17 -0.284505 -0.102985
-51 -15 -0.155028 -0.059352
-51 -13 -0.168062 -0.0242466
-51 -11 -0.38482 -0.119172
-51 -9 -0.528478 -0.0951191
-51 -7 -0.824761 0.0504704
-51 -5 -0.133901 -0.0701025
-51 -3 -0.386075 0.0171603
-51 -1 -0.289767 -0.0433797
-51 1 -0.383493 -0.0428967
-51 3 -0.403153 0.0519838
-51 5 -0.332483 -0.0438131
-51 7 -0.33932 0.0612082
-51 9 -0.392266 0.0803867
-51 11 -0.340647 0.0750218
-51 13 -0.1743 0.0672398
-51 15 -0.0383771 0.00731484
-51 17 -0.181155 0.0505081
-51 19 -0.280403 0.0726677
-51 21 -0.259989 0.0436302
-51 23 -0.31847 0.0837697
-51 25 -0.332016 0.181183
-51 27 -0.324842 0.236534
-51 29 -0.197037 0.132986
-51 31 -0.190773 0.101519
-51 33 -0.246753 0.142815
-51 35 -0.100645 0.110814
-51 37 -0.135862 0.0922074
-51 39 -0.107143 0.132173
-51 41 -0.314491 0.274317
-51 43 -0.186777 0.232427
-51 45 -0.20607 0.0878265
-51 47 -0.229365 0.214694
-51 49 -0.252512 0.295076
-51 51 -0.255346 0.221594
-51 53 -0.454778 0.525891
-51 55 0 0
-51 57 0 0
-51 59 -0.344639 0.40034
-49 -59 0 0
-49 -57 -0.204915 -0.264977
-49 -55 -0.17946 -0.115478
-49 -53 -0.350144 -0.223005
-49 -51 -0.139603 -0.124711
-49 -49 -0.336457 -0.347868
-49 -47 0 0
-49 -45 -0.168519 -0.0634171
-49 -43 0.00556145 0.00474376
-49 -41 -0.0979412 -0.173815
-49 -39 -0.378191 -0.254294
-49 -37 -0.291516 -0.0959553
-49 -35 -0.270424 -0.178116
-49 -33 -0.133949 -0.164543
-49 -31 -0.313967 -0.0649745
-49 -29 -0.212113 -0.191693
-49 -27 -0.496407 -0.331362
-49 -25 -0.143195 -0.0285914
-49 -23 -0.19623 -0.0462311
-49 -21 -0.413142 -0.308222
-49 -19 -0.328324 -0.148508
-49 -17 -0.150883 -0.0640471
-49 -15 -0.309882 -0.0762023
-49 -13 -0.192068 -0.0208206
-49 -11 -0.575218 -0.0542749
-49 -9 -0.374958 -0.0688896
-49 -7 -0.36595 -0.0912591
-49 -5 -0.235726 0.0467195
-49 -3 -0.19357 0.037191
-49 -1 -0.275897 0.0270539
-49 1 -0.293785 -0.0304531
-49 3 -0.148682 0.000639812
-49 5 -0.411348 0.0606295
-49 7 -0.203542 -0.0146946
-49 9 -0.139607 0.0445502
-49 11 -0.304661 0.150508
-49 13 -0.87228 0.138649
-49 15 -0.507302 0.137803
-49 17 -0.163689 0.147445
-49 19 -0.16248 0.0979512
-49 21 -0.176472 0.129679
-49 23 -0.307915 0.119665
-49 25 -0.683956 0.357704
-49 27 -0.313929 0.126214
-49 29 -0.302956 0.177121
-49 31 -0.287077 0.23032
-49 33 -0.249179 0.197804
-49 35 -0.171473 0.148163
-49 37 -0.0766317 0.051396
-49 39 -0.0325171 0.0652573
-49 41 -0.108989 0.103717
-49 43 -0.183368 0.188886
-49 45 -0.131046 0.106864
-49 47 -0.121477 0.22765
-49 49 -0.243969 0.319511
-49 51 -0.108801 0.14124
-49 53 -0.385712 0.370964
-49 55 -0.273248 0.199922
-49 57 -0.19551 0.23892
-49 59 -0.20972 0.26041
-47 -59 -0.193248 -0.259218
-47 -57 0 0
-47 -55 -0.181002 -0.347821
-47 -53 -0.310591 -0.432287
-47 -51 -0.0473953 -0.00562491
-47 -49 -0.286183 -0.362098
-47 -47 -0.339686 -0.220017
-47 -45 -0.294076 -0.176808
-47 -43 -0.00607707 -0.111982
-47 -41 -0.212021 -0.22478
-47 -39 -0.267199 -0.220183
-47 -37 -0.281132 -0.244166
-47 -35 -0.232383 -0.259809
-47 -33 -0.145944 -0.2001
-47 -31 -0.0815318 -0.0501735
-47 -29 -0.326136 -0.205794
-47 -27 -0.313161 -0.224438
-47 -25 -0.151301 -0.0650505
-47 -23 -0.324156 -0.106746
-47 -21 -0.108051 -0.055038
-47 -19 -0.333737 -0.114071
-47 -17 -0.310609 -0.142743
-47 -15 -0.263239 -0.075878
-47 -13 -0.537243 -0.143822
-47 -11 -0.201088 -0.0341971
-47 -9 -0.462651 -0.0612614
-47 -7 -0.305825 -0.110267
-47 -5 -0.398483 -0.0765379
-47 -3 -0.336685 -0.0421252
-47 -1 -0.267034 -0.0196756
-47 1 -0.182744 -0.00437157
-47 3 -0.263404 -0.029599
-47 5 -0.488329 0.104494
-47 7 -0.236229 0.0584475
-47 9 -0.189468 0.106092
-47 11 -0.237255 0.0172206
-47 13 -0.241774 0.0217508
-47 15 -0.283888 0.102808
-47 17 -0.201145 0.088683
-47 19 -0.234083 0.127808
-47 21 -0.29745 0.11029
-47 23 -0.315401 0.160386
-47 25 -0.093649 0.113012
-47 27 -0.200238 0.129144
-47 29 -0.33389 0.204491
-47 31 -0.33087 0.215004
-47 33 -0.436115 0.244433
-47 35 -0.407536 0.307627
-47 37 -0.221734 0.180924
-47 39 -0.16747 0.191481
-47 41 -0.152795 0.0652029
-47 43 -0.409604 0.328259
-47 45 -0.0671812 0.162329
-47 47 -0.0954424 0.0900541
-47 49 -0.224114 0.266734
-47 51 -0.130846 0.266097
-47 53 -0.220881 0.297992
-47 55 -0.228121 0.196817
-47 57 -0.332252 0.32407
-47 59 -0.197928 0.227632
-45 -59 -0.073334 -0.151644
-45 -57 -0.202886 -0.221903
-45 -55 -0.206278 -0.242229
-45 -53 -0.23627 -0.312626
-45 -51 0 0
-45 -49 -0.0995365 -0.130445
-45 -47 -0.16364 -0.166398
-45 -45 -0.0876875 -0.286571
-45 -43 -0.118528 -0.276428
-45 -41 -0.0959423 -0.164639
-45 -39 -0.168323 -0.134886
-45 -37 -0.102361 -0.118766
-45 -35 -0.0601317 -0.0745986
-45 -33 -0.241813 -0.0575796
-45 -31 -0.209954 -0.180353
-45 -29 -0.168239 -0.0376299
-45 -27 -0.282041 -0.170307
-45 -25 -0.210972 -0.141836
-45 -23 -0.184289 -0.0799547
-45 -21 -0.223411 -0.106175
-45 -19 -0.294556 -0.137632
-45 -17 -0.324133 -0.0609057
-45 -15 -0.277979 -0.0716094
-45 -13 -0.436163 -0.126286
-45 -11 -0.222447 -0.0283455
-45 -9 -0.281407 -0.0426642
-45 -7 -0.192918 -0.0428049
-45 -5 -0.221994 -0.0702394
-45 -3 -0.305155 -0.00855264
-45 -1 -0.379262 -0.0277119
-45 1 -0.563641 0.000976148
-45 3 -0.303129 0.0247761
-45 5 -0.619264 0.0688605
-45 7 -0.302355 0.0571191
-45 9 -0.23438 0.0484382
-45 11 -0.521581 0.127136
-45 13 -0.357895 0.118084
-45 15 -0.206817 0.035044
-45 17 -0.274047 0.12249
-45 19 -0.507912 0.197109
-45 21 -0.288218 0.138241
-45 23 -0.22684 0.117186
-45 25 -0.269618 0.154982
-45 27 -0.305119 0.158253
-45 29 -0.247161 0.112468
-45 31 -0.257737 0.167124
-45 33 -0.109359 0.136502
-45 35 -0.257247 0.180505
-45 37 -0.103807 -0.00995251
-45 39 -0.204888 0.18389
-45 41 -0.299926 0.251703
-45 43 -0.167551 0.185564
-45 45 -0.123368 0.0830418
-45 47 0 0
-45 49 -0.146894 0.223867
-45 51 -0.220726 0.293898
-45 53 -0.303114 0.356614
-45 55 -0.172368 0.216073
-45 57 -0.0593793 0.0881374
-45 59 0 0
-43 -59 -0.313266 -0.694541
-43 -57 0.07143 -0.0448157
-43 -55 -0.200659 -0.187967
-43 -53 -0.215636 -0.28237
-43 -51 -0.128684 -0.273315
-43 -49 -0.043132 -0.0125127
-43 -47 -0.122214 -0.129849
-43 -45 -0.161348 -0.175767
-43 -43 -0.0697345 -0.140424
-43 -41 -0.126539 -0.139156
-43 -39 -0.322896 -0.257307
-43 -37 -0.103803 -0.0513931
-43 -35 -0.171557 -0.117113
-43 -33 -0.286477 -0.225555
-43 -31 -0.422493 -0.262632
-43 -29 -0.156712 -0.12113
-43 -27 -0.363951 -0.117939
-43 -25 -0.170219 -0.0843761
-43 -23 -0.185335 -0.140169
-43 -21 -0.437568 -0.183721
-43 -19 -0.182219 -0.133513
-43 -17 -0.398497 -0.105857
-43 -15 -0.233792 -0.0630764
-43 -13 -0.268538 -0.118575
-43 -11 -0.264191 -0.0357555
-43 -9 -0.288202 -0.0527959
-43 -7 -0.340036 -0.0676592
-43 -5 -0.201637 -0.0249917
-43 -3 -0.202444 -0.0349052
-43 -1 -0.326371 -0.0212735
-43 1 -0.361592 0.0275717
-43 3 -0.302284 0.00460978
-43 5 -0.390823 0.0663635
-43 7 -0.327975 0.0618496
-43 9 -0.433299 0.0579058
-43 11 -0.315742 0.0721837
-43 13 -0.302605 0.0430758
-43 15 -0.206212 0.0184877
-43 17 -0.331938 0.15939
-43 19 -0.508512 0.232508
-43 21 -0.555923 0.163785
-43 23 -0.365966 0.256352
-43 25 -0.217262 0.137135
-43 27 -0.28082 0.189058
-43 29 -0.328789 0.207816
-43 31 -0.222489 0.189992
-43 33 -0.164115 0.17244
-43 35 -0.284817 0.344696
-43 37 -0.101386 0.184169
-43 39 -0.174326 0.342951
-43 41 -0.242978 0.19652
-43 43 0.0740868 0.0768073
-43 45 -0.0689444 0.0833272
-43 47 -0.165782 0.0459724
-43 49 -0.141175 0.0910246
-43 51 -0.272203 0.264705
-43 53 -0.198778 0.246454
-43 55 -0.096853 0.17191
-43 57 0.0332688 -0.0952841
-43 59 0 0
-41 -59 -0.114248 -0.423087
-41 -57 0.00849093 -0.0191523
-41 -55 -0.252636 -0.253596
-41 -53 -0.148547 -0.143345
-41 -51 0 0
-41 -49 -0.300762 -0.0917099
-41 -47 -0.0399556 -0.120506
-41 -45 -0.0988915 -0.159416
-41 -43 -0.233269 -0.387993
-41 -41 -0.205694 -0.173161
-41 -39 -0.30537 -0.238214
-41 -37 -0.243895 -0.123856
-41 -35 0 0
-41 -33 -0.220725 -0.204215
-41 -31 -0.16482 -0.0762233
-41 -29 -0.241856 -0.144208
-41 -27 -0.242642 -0.248398
-41 -25 -0.206726 -0.112273
-41 -23 -0.28681 -0.166501
-41 -21 -0.325915 -0.139806
-41 -19 -0.278505 -0.156711
-41 -17 -0.281133 -0.12105
-41 -15 -0.286199 -0.110436
-41 -13 -0.172991 -0.0867524
-41 -11 -0.359889 -0.110656
-41 -9 -0.364064 -0.120544
-41 -7 -0.336045 -0.0272663
-41 -5 -0.272302 0.0299782
-41 -3 -0.316797 -0.0764247
-41 -1 -0.234849 0.0242937
-41 1 -0.27154 0.0149547
-41 3 -0.292531 0.0294257
-41 5 -0.288044 0.0324985
-41 7 -0.267007 0.0422499
-41 9 -0.376632 0.114725
-41 11 -0.359034 0.107515
-41 13 -0.268828 0.0545624
-41 15 -0.115701 0.0098748
-41 17 -0.430075 0.0959076
-41 19 -0.132242 0.0735899
-41 21 -0.243219 0.141287
-41 23 -0.325296 0.236026
-41 25 -0.203832 0.151961
-41 27 -0.266327 0.187342
-41 29 -0.381308 0.284017
-41 31 -0.0933772 0.0551264
-41 33 -0.459177 0.235474
-41 35 -0.0532037 0.12972
-41 37 -0.400505 0.320517
-41 39 -0.112233 -0.0127249
-41 41 -0.19715 0.20929
-41 43 -0.201141 0.194621
-41 45 0 0
-41 47 0.00130123 -0.0323411
-41 49 -0.143699 0.216209
-41 51 -0.26902 0.364307
-41 53 -0.00358969 0.0626006
-41 55 -0.299927 0.295634
-41 57 -0.0186198 0.127945
-41 59 -0.375919 0.0995521
-39 -59 0.0519559 -0.0927337
-39 -57 -0.111125 -0.191263
-39 -55 -0.185808 -0.0739058
-39 -53 -0.295101 -0.319196
-39 -51 -0.0723245 -0.133304
-39 -49 -0.2553 -0.28412
-39 -47 -0.0729263 -0.222651
-39 -45 -0.280294 -0.340336
-39 -43 -0.229762 -0.172594
-39 -41 -0.236268 -0.265618
-39 -39 0.0337638 -0.110149
-39 -37 -0.104223 -0.107717
-39 -35 -0.163496 -0.102813
-39 -33 -0.151975 -0.11915
-39 -31 -0.141288 -0.112149
-39 -29 -0.237134 -0.26211
-39 -27 -0.239417 -0.177028
-39 -25 -0.134603 -0.128632
-39 -23 -0.223012 -0.181565
-39 -21 -0.401491 -0.229919
-39 -19 -0.2338 -0.0938602
-39 -17 -0.28396 -0.179597
-39 -15 -0.249268 -0.0466759
-39 -13 -0.309931 -0.0879894
-39 -11 -0.263372 -0.0579739
-39 -9 -0.276488 -0.0585666
-39 -7 -0.237206 -0.00806591
-39 -5 -0.458278 -0.0803977
-39 -3 -0.448389 -0.0318486
-39 -1 -0.352879 0.0105066
-39 1 -0.307145 0.0029538
-39 3 -0.365127 0.0235327
-39 5 -0.252901 0.0508817
-39 7 -0.258536 0.0855262
-39 9 -0.263048 0.0339901
-39 11 -0.238255 0.0747612
-39 13 -0.430241 0.156219
-39 15 -0.253322 0.101073
-39 17 -0.333518 0.134401
-39 19 -0.284437 0.130994
-39 21 -0.295382 0.136407
-39 23 -0.249101 0.121576
-39 25 -0.386079 0.267422
-39 27 -0.22498 0.165702
-39 29 -0.0893495 0.0722168
-39 31 -0.239341 0.13081
-39 33 -0.377182 0.188464
-39 35 -0.129442 0.118249
-39 37 -0.298307 0.270938
-39 39 -0.144978 0.101324
-39 41 -0.430532 0.514831
-39 43 -0.138451 0.333612
-39 45 -0.209768 0.236771
-39 47 -0.18189 0.350471
-39 49 -0.216725 0.264029
-39 51 -0.200381 0.263578
-39 53 0.00450986 0.0846651
-39 55 -0.229574 0.613648
-39 57 -0.33792 0.37038
-39 59 -0.0754048 0.089413
-37 -59 0 0
-37 -57 -0.0445329 -0.159725
-37 -55 -0.0739281 -0.200231
-37 -53 -0.241879 -0.315367
-37 -51 -0.0979788 -0.120087
-37 -49 -0.229098 -0.270317
-37 -47 -0.111015 -0.252149
-37 -45 -0.604966 -0.952823
-37 -43 -0.126066 -0.18069
-37 -41 -0.19182 -0.196251
-37 -39 -0.407652 -0.483616
-37 -37 -0.250324 -0.289276
-37 -35 -0.199962 -0.176837
-37 -33 -0.232653 -0.170999
-37 -31 -0.365471 -0.255576
-37 -29 -0.1472 -0.0929084
-37 -27 -0.262623 -0.242203
-37 -25 -0.260872 -0.204998
-37 -23 -0.241189 -0.126791
-37 -21 -0.312699 -0.185231
-37 -19 -0.342161 -0.119848
-37 -17 -0.194834 -0.106324
-37 -15 -0.289847 -0.144468
-37 -13 -0.365629 -0.137848
-37 -11 -0.293969 -0.123418
-37 -9 -0.28529 -0.0824151
-37 -7 -0.419324 -0.102849
-37 -5 -0.371116 -0.0835131
-37 -3 -0.327123 -0.00983242
-37 -1 -0.337377 -0.0136787
-37 1 -0.415294 -0.00883927
-37 3 -0.36539 0.0329089
-37 5 -0.354161 0.0184269
-37 7 -0.294568 0.0305333
-37 9 -0.298953 0.0477999
-37 11 -0.368352 0.075165
-37 13 -0.184184 0.0627151
-37 15 -0.353055 0.129077
-37 17 -0.333688 0.152891
-37 19 -0.223759 0.108512
-37 21 -0.338238 0.18024
-37 23 -0.24961 0.178651
-37 25 -0.29921 0.226681
-37 27 -0.205865 0.173574
-37 29 -0.353638 0.206421
-37 31 -0.297944 0.210909
-37 33 -0.102665 0.145686
-37 35 -0.207622 0.1766
-37 37 -0.296088 0.307385
-37 39 -0.319541 0.278258
-37 41 -0.197758 0.216087
-37 43 -0.208281 0.166734
-37 45 -0.308003 0.2863
-37 47 -0.310151 0.416725
-37 49 -0.124019 0.216016
-37 51 -0.276156 0.117178
-37 53 -0.133654 0.278828
-37 55 -0.158389 0.288256
-37 57 -0.151262 0.309918
-37 59 -0.12911 0.09655
-35 -59 -0.179537 -0.492939
-35 -57 -0.231769 -0.392425
-35 -55 -0.11409 -0.111306
-35 -53 -0.286742 -0.295873
-35 -51 -0.134853 -0.378315
-35 -49 -0.076866 -0.0905665
-35 -47 -0.18253 -0.217975
-35 -45 -0.163574 -0.248973
-35 -43 -0.20773 -0.233923
-35 -41 -0.392563 -0.396012
-35 -39 -0.196046 -0.182257
-35 -37 -0.26231 -0.191778
-35 -35 -0.218104 -0.166772
-35 -33 -0.160551 -0.18934
-35 -31 -0.150553 -0.16394
-35 -29 -0.264461 -0.202576
-35 -27 -0.438613 -0.232799
-35 -25 -0.208644 -0.147122
-35 -23 -0.316627 -0.214292
-35 -21 -0.27212 -0.179417
-35 -19 -0.352916 -0.224226
-35 -17 -0.301095 -0.143704
-35 -15 -0.290078 -0.116628
-35 -13 -0.347902 -0.117364
-35 -11 -0.28434 -0.111515
-35 -9 -0.33964 -0.125151
-35 -7 -0.389018 -0.0552722
-35 -5 -0.46263 -0.0607815
-35 -3 -0.500228 -0.0354948
-35 -1 -0.495756 0.00272513
-35 1 -0.545298 0.00424546
-35 3 -0.489033 0.0348566
-35 5 -0.495825 0.0540414
-35 7 -0.384147 0.0847668
-35 9 -0.429355 0.116294
-35 11 -0.327589 0.125482
-35 13 -0.339592 0.100923
-35 15 -0.278551 0.12539
-35 17 -0.357833 0.152778
-35 19 -0.20756 0.0897567
-35 21 -0.169881 0.0277284
-35 23 -0.251638 0.132881
-35 25 -0.356613 0.208217
-35 27 -0.304356 0.172838
-35 29 -0.204303 0.163143
-35 31 -0.121553 0.162639
-35 33 -0.144091 0.219861
-35 35 -0.356387 0.454119
-35 37 -0.186805 0.287687
-35 39 -0.226325 0.246776
-35 41 -0.0213884 0.0569908
-35 43 -0.285351 0.298709
-35 45 -0.0891868 0.0929064
-35 47 -0.147736 0.267612
-35 49 -0.161696 0.171392
-35 51 -0.0568612 0.128632
-35 53 0.0753487 0.0595708
-35 55 -0.0943892 0.147295
-35 57 -0.0945777 0.00616287
-35 59 -0.139493 0.176362
-33 -59 -0.137236 -0.265863
-33 -57 -0.0540654 0.0267584
-33 -55 -0.156226 -0.360302
-33 -53 -0.159373 -0.155052
-33 -51 -0.236656 -0.46638
-33 -49 -0.290227 -0.243146
-33 -47 -0.252063 -0.307408
-33 -45 -0.223485 -0.350079
-33 -43 -0.116725 -0.0381459
-33 -41 -0.16682 -0.205755
-33 -39 -0.145911 -0.286878
-33 -37 -0.256501 -0.397787
-33 -35 -0.173613 -0.227821
-33 -33 -0.169819 -0.191101
-33 -31 -0.29009 -0.181548
-33 -29 -0.165728 -0.124745
-33 -27 -0.265213 -0.241739
-33 -25 -0.207314 -0.157062
-33 -23 -0.251121 -0.190741
-33 -21 -0.417008 -0.259632
-33 -19 -0.371778 -0.25513
-33 -17 -0.330986 -0.209586
-33 -15 -0.352413 -0.141714
-33 -13 -0.435281 -0.178934
-33 -11 -0.512746 -0.165986
-33 -9 -0.529708 -0.134497
-33 -7 -0.58557 -0.11668
-33 -5 -0.596761 -0.0866915
-33 -3 -0.56248 -0.0463644
-33 -1 -0.581192 -0.0161113
-33 1 -0.568986 0.012521
-33 3 -0.566141 0.0453447
-33 5 -0.61144 0.0894044
-33 7 -0.542437 0.103412
-33 9 -0.560639 0.141571
-33 11 -0.529175 0.180283
-33 13 -0.483807 0.185233
-33 15 -0.353446 0.141903
-33 17 -0.339466 0.154329
-33 19 -0.238485 0.131713
-33 21 -0.349906 0.227573
-33 23 -0.250441 0.18543
-33 25 -0.359448 0.186622
-33 27 -0.269612 0.268657
-33 29 -0.25019 0.157137
-33 31 -0.119259 0.0818896
-33 33 -0.149411 0.131601
-33 35 -0.311877 0.205906
-33 37 -0.231703 0.273937
-33 39 -0.140279 0.208384
-33 41 -0.222904 0.254115
-33 43 -0.090685 0.0906378
-33 45 -0.120917 0.162426
-33 47 -0.112138 0.285695
-33 49 -0.179138 0.149927
-33 51 -0.108051 0.260001
-33 53 -0.169694 0.461488
-33 55 -0.123005 0.0359875
-33 57 -0.0953693 0.313268
-33 59 -0.290042 0.539444
-31 -59 -0.0847871 -0.232302
-31 -57 -0.170586 -0.33895
-31 -55 -0.0749143 -0.059499
-31 -53 -0.189059 -0.29232
-31 -51 -0.141645 -0.201183
-31 -49 -0.176534 -0.317659
-31 -47 -0.144253 -0.411502
-31 -45 -0.251978 -0.301459
-31 -43 -0.0831339 -0.245742
-31 -41 0 0
-31 -39 -0.239423 -0.347973
-31 -37 -0.241525 -0.206334
-31 -35 -0.146151 -0.1972
-31 -33 -0.29313 -0.237509
-31 -31 -0.254402 -0.242501
-31 -29 -0.168118 -0.202129
-31 -27 -0.226471 -0.19266
-31 -25 -0.238963 -0.210133
-31 -23 -0.299644 -0.195499
-31 -21 -0.387684 -0.254156
-31 -19 -0.373828 -0.221614
-31 -17 -0.460279 -0.250284
-31 -15 -0.49212 -0.214789
-31 -13 -0.571612 -0.230269
-31 -11 -0.549208 -0.18221
-31 -9 -0.550736 -0.153785
-31 -7 -0.571905 -0.119359
-31 -5 -0.568589 -0.0874696
-31 -3 -0.575688 -0.0524398
-31 -1 -0.585466 -0.0174526
-31 1 -0.581645 0.0197406
-31 3 -0.568843 0.0502557
-31 5 -0.557715 0.0849399
-31 7 -0.570977 0.123128
-31 9 -0.559856 0.15404
-31 11 -0.551969 0.181358
-31 13 -0.549248 0.222962
-31 15 -0.454938 0.211525
-31 17 -0.355573 0.188785
-31 19 -0.34141 0.217612
-31 21 -0.354813 0.197718
-31 23 -0.269897 0.194137
-31 25 -0.40977 0.381445
-31 27 -0.225996 0.11529
-31 29 -0.20529 0.194007
-31 31 -0.152434 0.15821
-31 33 -0.192113 0.176553
-31 35 -0.182952 0.216803
-31 37 -0.0936228 0.0772177
-31 39 -0.174684 0.154737
-31 41 -0.154233 0.243505
-31 43 -0.11745 0.121864
-31 45 -0.226378 0.346063
-31 47 -0.105082 0.162233
-31 49 -0.0843738 0.091867
-31 51 -0.141927 0.129824
-31 53 -0.129474 0.245957
-31 55 -0.152995 0.317568
-31 57 -0.248532 0.593941
-31 59 -0.0979864 0.293997
-29 -59 -0.0764542 -0.0620705
-29 -57 -0.0793815 -0.128475
-29 -55 -0.113983 -0.366031
-29 -53 -0.0612691 -0.197412
-29 -51 -0.244892 -0.392745
-29 -49 -0.0380177 -0.287438
-29 -47 -0.0604324 -0.231719
-29 -45 -0.0381266 -0.181529
-29 -43 -0.07808 -0.132012
-29 -41 -0.0999369 -0.157013
-29 -39 -0.204515 -0.0984463
-29 -37 -0.136679 -0.197384
-29 -35 -0.19987 -0.177536
-29 -33 -0.278443 -0.279865
-29 -31 -0.149366 -0.187634
-29 -29 -0.356452 -0.301611
-29 -27 -0.262443 -0.243441
-29 -25 -0.234587 -0.179163
-29 -23 -0.230489 -0.189496
-29 -21 -0.364238 -0.252972
-29 -19 -0.510542 -0.31891
-29 -17 -0.501246 -0.277994
-29 -15 -0.528653 -0.256707
-29 -13 -0.531143 -0.225633
-29 -11 -0.525987 -0.19101
-29 -9 -0.545623 -0.161225
-29 -7 -0.567065 -0.1304
-29 -5 -0.577736 -0.0935948
-29 -3 -0.598533 -0.0593304
-29 -1 -0.604022 -0.0221229
-29 1 -0.600588 0.0201914
-29 3 -0.58431 0.0582536
-29 5 -0.585324 0.0957008
-29 7 -0.581932 0.134032
-29 9 -0.565728 0.168927
-29 11 -0.535125 0.191154
-29 13 -0.515153 0.217962
-29 15 -0.532293 0.259344
-29 17 -0.525004 0.290387
-29 19 -0.464597 0.287433
-29 21 -0.38059 0.268356
-29 23 -0.253277 0.203802
-29 25 -0.114664 0.152653
-29 27 -0.173984 0.190276
-29 29 -0.360614 0.39092
-29 31 -0.272451 0.286628
-29 33 -0.142075 0.176311
-29 35 -0.167979 0.169915
-29 37 -0.191722 0.245068
-29 39 -0.156304 0.209142
-29 41 -0.0946316 0.139086
-29 43 0.00597111 0.0608851
-29 45 -0.156196 0.174072
-29 47 -0.130941 0.216622
-29 49 -0.125465 0.297992
-29 51 -0.127255 0.169416
-29 53 0 0
-29 55 -0.148076 0.199189
-29 57 0.00510667 0.00266175
-29 59 -0.0645089 0.212383
-27 -59 -0.151174 -0.286263
-27 -57 0 0
-27 -55 -0.130244 -0.327474
-27 -53 -0.0895378 -0.270638
-27 -51 0.0403871 -0.178305
-27 -49 -0.170526 -0.337589
-27 -47 -0.299337 -0.453337
-27 -45 -0.192977 -0.340869
-27 -43 -0.142531 -0.182471
-27 -41 -0.170239 -0.300732
-27 -39 -0.145517 -0.0919968
-27 -37 -0.181472 -0.170716
-27 -35 -0.0939134 -0.192861
-27 -33 -0.29042 -0.324496
-27 -31 -0.151352 -0.170654
-27 -29 -0.23638 -0.240747
-27 -27 -0.158224 -0.182563
-27 -25 -0.232181 -0.246723
-27 -23 -0.346298 -0.301792
-27 -21 -0.451011 -0.331785
-27 -19 -0.474054 -0.31405
-27 -17 -0.478981 -0.289068
-27 -15 -0.488749 -0.258554
-27 -13 -0.524385 -0.242748
-27 -11 -0.549133 -0.213686
-27 -9 -0.576447 -0.186877
-27 -7 -0.607524 -0.15351
-27 -5 -0.632495 -0.11429
-27 -3 -0.644322 -0.0714499
-27 -1 -0.638539 -0.0231587
-27 1 -0.643843 0.0236837
-27 3 -0.650104 0.0690387
-27 5 -0.628001 0.112958
-27 7 -0.611153 0.155517
-27 9 -0.571386 0.184662
-27 11 -0.54999 0.215234
-27 13 -0.53732 0.249293
-27 15 -0.505631 0.266138
-27 17 -0.480682 0.288405
-27 19 -0.494642 0.327872
-27 21 -0.479503 0.349187
-27 23 -0.407093 0.334324
-27 25 -0.232678 0.178701
-27 27 -0.151836 0.135594
-27 29 -0.187095 0.176431
-27 31 -0.193363 0.206912
-27 33 -0.159819 0.217928
-27 35 -0.179797 0.159649
-27 37 -0.184225 0.282344
-27 39 -0.0992249 0.152638
-27 41 -0.14947 0.0804463
-27 43 -0.144071 0.170359
-27 45 -0.124295 0.274931
-27 47 -0.226425 0.441991
-27 49 0.0690499 -0.0437821
-27 51 -0.0381777 0.331275
-27 53 -0.187629 0.337236
-27 55 -0.0450076 0.111905
-27 57 -0.159475 0.134586
-27 59 -0.15875 0.179217
-25 -59 0 0
-25 -57 -0.0536965 -0.272706
-25 -55 -0.192852 -0.311339
-25 -53 -0.229838 -0.222217
-25 -51 -0.0675283 -0.346955
-25 -49 -0.157841 -0.279538
-25 -47 -0.0886462 -0.233558
-25 -45 -0.13656 -0.418187
-25 -43 -0.0586828 -0.18369
-25 -41 -0.253697 -0.436168
-25 -39 -0.108727 -0.266778
-25 -37 -0.221376 -0.291782
-25 -35 -0.179359 -0.275857
-25 -33 -0.150329 -0.238292
-25 -31 -0.117943 -0.141466
-25 -29 -0.216637 -0.23363
-25 -27 -0.297181 -0.323119
-25 -25 -0.323429 -0.320355
-25 -23 -0.437126 -0.381778
-25 -21 -0.458673 -0.366748
-25 -19 -0.453083 -0.32748
-25 -17 -0.479857 -0.313472
-25 -15 -0.508159 -0.295734
-25 -13 -0.545545 -0.274125
-25 -11 -0.583808 -0.251773
-25 -9 -0.631048 -0.222107
-25 -7 -0.652135 -0.179986
-25 -5 -0.668508 -0.132015
-25 -3 -0.680903 -0.0780755
-25 -1 -0.689847 -0.0269761
-25 1 -0.685644 0.0263781
-25 3 -0.686521 0.0813014
-25 5 -0.670733 0.131468
-25 7 -0.652937 0.1783
-25 9 -0.623095 0.218662
-25 11 -0.581667 0.249515
-25 13 -0.541423 0.274977
-25 15 -0.514874 0.29926
-25 17 -0.468678 0.307023
-25 19 -0.46513 0.340155
-25 21 -0.462142 0.369175
-25 23 -0.445856 0.386488
-25 25 -0.39034 0.371048
-25 27 -0.272689 0.256442
-25 29 -0.188886 0.194945
-25 31 -0.199419 0.197228
-25 33 -0.153263 0.161884
-25 35 -0.215967 0.287506
-25 37 -0.232757 0.246694
-25 39 -0.227309 0.30211
-25 41 -0.103466 0.170331
-25 43 -0.144161 0.203961
-25 45 -0.201219 0.329637
-25 47 -0.200158 0.228358
-25 49 -0.0842543 0.19537
-25 51 -0.0174544 0.139249
-25 53 -0.111681 0.00639446
-25 55 -0.0246406 0.190482
-25 57 0.0313245 0.140254
-25 59 -0.0827507 0.0830846
-23 -59 -0.0590427 -0.265704
-23 -57 -0.113275 -0.263223
-23 -55 -0.0398202 -0.117625
-23 -53 -0.102499 -0.36333
-23 -51 -0.0212348 -0.217771
-23 -49 -0.1582 -0.232093
-23 -47 -0.226869 -0.242112
-23 -45 -0.106718 -0.110454
-23 -43 -0.125492 -0.298906
-23 -41 -0.241079 -0.404225
-23 -39 -0.208436 -0.305425
-23 -37 -0.253861 -0.408534
-23 -35 -0.281582 -0.388337
-23 -33 -0.128174 -0.229576
-23 -31 -0.17227 -0.275015
-23 -29 -0.21299 -0.269575
-23 -27 -0.318552 -0.353262
-23 -25 -0.395561 -0.416763
-23 -23 -0.405767 -0.387548
-23 -21 -0.423414 -0.370376
-23 -19 -0.449091 -0.359116
-23 -17 -0.483555 -0.345512
-23 -15 -0.529824 -0.336521
-23 -13 -0.584835 -0.32465
-23 -11 -0.616423 -0.290563
-23 -9 -0.638656 -0.247873
-23 -7 -0.657029 -0.197586
-23 -5 -0.670513 -0.144418
-23 -3 -0.676111 -0.0879957
-23 -1 -0.674017 -0.0296254
-23 1 -0.674669 0.0298114
-23 3 -0.675628 0.0885629
-23 5 -0.671035 0.145105
-23 7 -0.655824 0.197896
-23 9 -0.646698 0.251591
-23 11 -0.619449 0.290774
-23 13 -0.573204 0.318261
-23 15 -0.524151 0.338522
-23 17 -0.480628 0.348844
-23 19 -0.447496 0.358631
-23 21 -0.422709 0.371216
-23 23 -0.409177 0.392359
-23 25 -0.416378 0.431959
-23 27 -0.324303 0.36373
-23 29 -0.209042 0.280701
-23 31 -0.134206 0.169033
-23 33 -0.135312 0.14466
-23 35 -0.156194 0.254903
-23 37 -0.119528 0.186844
-23 39 -0.140633 0.186156
-23 41 -0.126874 0.243209
-23 43 -0.21807 0.428093
-23 45 -0.151501 0.29101
-23 47 -0.0511959 0.127211
-23 49 -0.115671 0.297826
-23 51 -0.214172 0.473383
-23 53 -0.0705695 0.273548
-23 55 -0.0919872 0.075944
-23 57 -0.00431958 0.284397
-23 59 -0.100506 0.337308
-21 -59 -0.0828213 -0.128934
-21 -57 -0.0220443 -0.236684
-21 -55 -0.0188562 -0.157115
-21 -53 -0.0620658 -0.0465305
-21 -51 -0.0727461 -0.230355
-21 -49 -0.109667 -0.319655
-21 -47 -0.116071 -0.173849
-21 -45 -0.133026 -0.129467
-21 -43 -0.0627067 -0.171588
-21 -41 -0.122198 -0.206701
-21 -39 -0.0661992 -0.194976
-21 -37 -0.0129387 -0.187126
-21 -35 -0.113941 -0.245236
-21 -33 -0.115125 -0.260095
-21 -31 -0.182619 -0.318721
-21 -29 -0.296664 -0.390533
-21 -27 -0.359731 -0.440081
-21 -25 -0.372129 -0.423167
-21 -23 -0.386074 -0.407799
-21 -21 -0.406063 -0.394622
-21 -19 -0.445998 -0.395189
-21 -17 -0.498011 -0.397312
-21 -15 -0.542941 -0.381443
-21 -13 -0.586196 -0.359499
-21 -11 -0.600758 -0.313757
-21 -9 -0.610143 -0.262577
-21 -7 -0.621864 -0.207994
-21 -5 -0.623024 -0.149126
-21 -3 -0.62127 -0.0896473
-21 -1 -0.623689 -0.0310899
-21 1 -0.62575 0.0310284
-21 3 -0.622492 0.0887375
-21 5 -0.619436 0.149163
-21 7 -0.623365 0.209185
-21 9 -0.613748 0.263
-21 11 -0.602175 0.314661
-21 13 -0.576174 0.354018
-21 15 -0.541427 0.382021
-21 17 -0.489443 0.391099
-21 19 -0.44756 0.397108
-21 21 -0.411365 0.399835
-21 23 -0.377662 0.399378
-21 25 -0.363942 0.415027
-21 27 -0.35617 0.437377
-21 29 -0.300297 0.422789
-21 31 -0.16388 0.266525
-21 33 -0.140748 0.204886
-21 35 -0.162794 0.251587
-21 37 -0.0686364 0.256994
-21 39 -0.0786823 0.173756
-21 41 -0.147845 0.275522
-21 43 -0.0694512 0.271626
-21 45 -0.0949863 0.134678
-21 47 -0.103583 0.145982
-21 49 -0.0177805 0.196915
-21 51 -0.0920114 0.375476
-21 53 -0.0894718 0.289277
-21 55 -0.155546 -0.0186343
-21 57 -0.127184 0.292444
-21 59 -0.0942799 0.322601
-19 -59 -0.179716 -0.506814
-19 -57 -0.181806 -0.433599
-19 -55 -0.127512 -0.198565
-19 -53 -0.139028 -0.55438
-19 -51 -0.141437 -0.269922
-19 -49 -0.089105 -0.225777
-19 -47 -0.0644769 -0.172523
-19 -45 -0.0367727 -0.249303
-19 -43 -0.120586 -0.501259
-19 -41 -0.0911047 -0.226665
-19 -39 -0.174855 -0.375387
-19 -37 -0.151907 -0.270557
-19 -35 -0.142277 -0.328279
-19 -33 -0.122447 -0.221181
-19 -31 -0.181544 -0.26909
-19 -29 -0.32336 -0.47566
-19 -27 -0.329188 -0.451083
-19 -25 -0.341858 -0.437128
-19 -23 -0.361877 -0.428489
-19 -21 -0.401526 -0.439278
-19 -19 -0.447532 -0.444378
-19 -17 -0.499652 -0.445275
-19 -15 -0.529161 -0.419441
-19 -13 -0.546918 -0.376208
-19 -11 -0.554614 -0.324826
-19 -9 -0.555206 -0.269469
-19 -7 -0.55552 -0.210639
-19 -5 -0.551433 -0.149235
-19 -3 -0.549021 -0.0900518
-19 -1 -0.5458 -0.030442
-19 1 -0.546719 0.0299246
-19 3 -0.549799 0.0897017
-19 5 -0.547344 0.148432
-19 7 -0.556867 0.210654
-19 9 -0.556614 0.269138
-19 11 -0.552738 0.324051
-19 13 -0.543757 0.376527
-19 15 -0.533392 0.422417
-19 17 -0.493894 0.44137
-19 19 -0.457733 0.455728
-19 21 -0.401461 0.437678
-19 23 -0.360464 0.427532
-19 25 -0.336266 0.42941
-19 27 -0.331141 0.456051
-19 29 -0.327246 0.472364
-19 31 -0.228247 0.384373
-19 33 -0.173121 0.354025
-19 35 -0.180705 0.268711
-19 37 -0.120512 0.259414
-19 39 -0.157795 0.309785
-19 41 -0.156934 0.288013
-19 43 -0.171547 0.309573
-19 45 -0.0927828 0.252214
-19 47 -0.0875217 0.126455
-19 49 -0.123526 0.354062
-19 51 -0.00197585 0.208205
-19 53 -0.142287 0.258639
-19 55 -0.0892732 0.340978
-19 57 -0.0643606 0.273495
-19 59 -0.231288 0.514939
-17 -59 -0.0704401 -0.212649
-17 -57 -0.0623555 -0.122338
-17 -55 -0.144749 -0.309189
-17 -53 -0.142239 -0.357679
-17 -51 0.000108229 -0.0468174
-17 -49 -0.161387 -0.424708
-17 -47 -0.116678 -0.329392
-17 -45 -0.190468 -0.411645
-17 -43 -0.0703566 -0.238457
-17 -41 -0.138512 -0.288436
-17 -39 -0.164711 -0.348932
-17 -37 -0.144376 -0.321558
-17 -35 -0.149134 -0.313632
-17 -33 -0.147013 -0.292096
-17 -31 -0.270104 -0.480592
-17 -29 -0.296428 -0.491386
-17 -27 -0.296776 -0.460951
-17 -25 -0.311714 -0.450602
-17 -23 -0.35122 -0.47317
-17 -21 -0.389925 -0.479901
-17 -19 -0.437168 -0.489428
-17 -17 -0.461604 -0.465356
-17 -15 -0.482901 -0.434326
-17 -13 -0.488697 -0.38288
-17 -11 -0.486408 -0.327284
-17 -9 -0.482728 -0.268481
-17 -7 -0.475535 -0.207105
-17 -5 -0.473485 -0.147936
-17 -3 -0.469996 -0.089125
-17 -1 -0.468122 -0.0299308
-17 1 -0.465444 0.0288309
-17 3 -0.4693 0.0881278
-17 5 -0.472778 0.147494
-17 7 -0.478047 0.208728
-17 9 -0.479728 0.266639
-17 11 -0.485088 0.32539
-17 13 -0.486867 0.382173
-17 15 -0.483407 0.435398
-17 17 -0.461534 0.469006
-17 19 -0.435098 0.489063
-17 21 -0.380271 0.472152
-17 23 -0.350506 0.469821
-17 25 -0.303283 0.441686
-17 27 -0.301103 0.464646
-17 29 -0.289048 0.477657
-17 31 -0.272263 0.487594
-17 33 -0.146063 0.256915
-17 35 -0.187197 0.315522
-17 37 -0.167824 0.406865
-17 39 -0.0721289 0.198141
-17 41 -0.104204 0.195428
-17 43 -0.0581165 0.279554
-17 45 -0.0764869 0.195246
-17 47 -0.0703638 0.281584
-17 49 -0.143057 0.275919
-17 51 -0.0185913 0.130557
-17 53 -0.164269 0.166537
-17 55 -0.150296 -0.0215566
-17 57 -0.156864 0.263437
-17 59 -0.025758 0.303852
-15 -59 -0.122612 -0.200463
-15 -57 -0.097316 -0.357689
-15 -55 -0.117418 -0.276283
-15 -53 -0.250898 -0.35795
-15 -51 -0.0645723 -0.257879
-15 -49 0.0229376 -0.132039
-15 -47 -0.0821828 -0.383997
-15 -45 -0.0452576 -0.169991
-15 -43 -0.0861894 -0.360157
-15 -41 0.0128164 -0.144958
-15 -39 -0.122103 -0.290461
-15 -37 -0.121728 -0.290179
-15 -35 -0.10425 -0.22739
-15 -33 -0.194031 -0.397806
-15 -31 -0.246889 -0.500822
-15 -29 -0.253022 -0.475461
-15 -27 -0.26033 -0.460247
-15 -25 -0.290119 -0.482469
-15 -23 -0.327792 -0.50861
-15 -21 -0.370678 -0.528489
-15 -19 -0.402825 -0.522302
-15 -17 -0.414265 -0.486694
-15 -15 -0.420702 -0.438325
-15 -13 -0.418968 -0.382464
-15 -11 -0.413462 -0.324501
-15 -9 -0.405475 -0.263687
-15 -7 -0.398051 -0.203497
-15 -5 -0.392287 -0.144429
-15 -3 -0.385796 -0.0857394
-15 -1 -0.384717 -0.028382
-15 1 -0.385403 0.0287928
-15 3 -0.387878 0.0865937
-15 5 -0.393272 0.145551
-15 7 -0.400382 0.204024
-15 9 -0.405972 0.26383
-15 11 -0.411137 0.321894
-15 13 -0.418908 0.38421
-15 15 -0.419702 0.438751
-15 17 -0.413959 0.485896
-15 19 -0.397435 0.515346
-15 21 -0.367547 0.522324
-15 23 -0.32684 0.505156
-15 25 -0.288387 0.476667
-15 27 -0.2647 0.469328
-15 29 -0.249037 0.473673
-15 31 -0.258389 0.529935
-15 33 -0.201562 0.427764
-15 35 -0.0887646 0.288735
-15 37 -0.183055 0.326508
-15 39 -0.0523115 0.315301
-15 41 -0.130536 0.150586
-15 43 -0.155672 0.441182
-15 45 -0.0732343 0.174885
-15 47 -0.111616 0.336278
-15 49 -0.0873065 0.22427
-15 51 -0.0165798 0.138138
-15 53 -0.0542261 0.170208
-15 55 -0.0321053 0.286283
-15 57 -0.0771289 0.161554
-15 59 -0.151174 0.391464
-13 -59 -0.0333951 -0.228672
-13 -57 -0.0606296 -0.110069
-13 -55 -0.0960021 -0.329847
-13 -53 -0.0723092 -0.386006
-13 -51 -0.060843 -0.037527
-13 -49 -0.0752699 -0.291319
-13 -47 -0.122478 -0.362607
-13 -45 -0.0742063 -0.193137
-13 -43 -0.0968412 -0.35524
-13 -41 -0.0668096 -0.133564
-13 -39 -0.0487502 -0.220206
-13 -37 -0.0795984 -0.206064
-13 -35 -0.143292 -0.330611
-13 -33 -0.208704 -0.531325
-13 -31 -0.224323 -0.522118
-13 -29 -0.218426 -0.485602
-13 -27 -0.232649 -0.488165
-13 -25 -0.260236 -0.508048
-13 -23 -0.297941 -0.54117
-13 -21 -0.331067 -0.553718
-13 -19 -0.345433 -0.529573
-13 -17 -0.355011 -0.492077
-13 -15 -0.35186 -0.437295
-13 -13 -0.347167 -0.381698
-13 -11 -0.338071 -0.319563
-13 -9 -0.330625 -0.25914
-13 -7 -0.321213 -0.198401
-13 -5 -0.310299 -0.138489
-13 -3 -0.302028 -0.081407
-13 -1 -0.296252 -0.0271449
-13 1 -0.295977 0.0262836
-13 3 -0.30159 0.0816553
-13 5 -0.311077 0.139423
-13 7 -0.319971 0.197136
-13 9 -0.330035 0.258814
-13 11 -0.339267 0.318596
-13 13 -0.344928 0.378502
-13 15 -0.352932 0.438863
-13 17 -0.352259 0.489636
-13 19 -0.347988 0.53373
-13 21 -0.330898 0.552766
-13 23 -0.304313 0.551667
-13 25 -0.267327 0.524775
-13 27 -0.235008 0.491213
-13 29 -0.217884 0.482533
-13 31 -0.217648 0.510743
-13 33 -0.20587 0.512385
-13 35 -0.109038 0.301718
-13 37 -0.0835441 0.210573
-13 39 -0.105689 0.271704
-13 41 -0.128912 0.352572
-13 43 -0.0997476 0.33446
-13 45 -0.288296 0.35925
-13 47 -0.0499995 0.265925
-13 49 -0.0753968 0.0738562
-13 51 -0.124296 0.298407
-13 53 -0.0360879 0.223136
-13 55 -0.0796788 0.17782
-13 57 0.0198208 0.0921857
-13 59 -0.106561 0.429916
-11 -59 -0.0266694 -0.110539
-11 -57 -0.0867106 -0.466003
-11 -55 0.0110173 -0.596761
-11 -53 -0.0296643 -0.261549
-11 -51 -0.0544802 -0.286796
-11 -49 -0.0978147 -0.0380825
-11 -47 -0.00554791 -0.37559
-11 -45 -0.104033 -0.387824
-11 -43 -0.0300065 -0.29174
-11 -41 -0.0860216 -0.302225
-11 -39 -0.0677635 -0.244
-11 -37 -0.120225 -0.293556
-11 -35 -0.130856 -0.4427
-11 -33 -0.17936 -0.538368
-11 -31 -0.184072 -0.514545
-11 -29 -0.184905 -0.494795
-11 -27 -0.19567 -0.492582
-11 -25 -0.230721 -0.543583
-11 -23 -0.261627 -0.575189
-11 -21 -0.282493 -0.574044
-11 -19 -0.287597 -0.538556
-11 -17 -0.28807 -0.49144
-11 -15 -0.282812 -0.433749
-11 -13 -0.27532 -0.375528
-11 -11 -0.266153 -0.312418
-11 -9 -0.255175 -0.251166
-11 -7 -0.24312 -0.188587
-11 -5 -0.227513 -0.128748
-11 -3 -0.210228 -0.0724162
-11 -1 -0.199769 -0.0235071
-11 1 -0.199597 0.0231374
-11 3 -0.210672 0.0727246
-11 5 -0.227281 0.128737
-11 7 -0.242984 0.189288
-11 9 -0.255348 0.250819
-11 11 -0.265888 0.312926
-11 13 -0.275003 0.374112
-11 15 -0.282861 0.43449
-11 17 -0.289142 0.494732
-11 19 -0.285598 0.535035
-11 21 -0.279787 0.568496
-11 23 -0.256616 0.563473
-11 25 -0.231536 0.548624
-11 27 -0.198513 0.500889
-11 29 -0.18238 0.487242
-11 31 -0.178733 0.511274
-11 33 -0.184272 0.550203
-11 35 -0.116346 0.373288
-11 37 -0.0899273 0.329321
-11 39 -0.0340969 0.18237
-11 41 -0.031123 0.236957
-11 43 -0.0688574 0.28476
-11 45 -0.00676697 0.188214
-11 47 -0.0507155 0.244541
-11 49 -0.0954864 0.189302
-11 51 -0.111636 0.207433
-11 53 -0.0297977 0.367764
-11 55 -0.0826453 0.452319
-11 57 -0.0707009 0.212232
-11 59 -0.0388183 0.176889
-9 -59 -0.136516 -0.506116
-9 -57 -0.0407285 -0.251284
-9 -55 -0.0606428 -0.624013
-9 -53 -0.139308 -0.123082
-9 -51 -0.0464203 -0.189595
-9 -49 -0.0125836 -0.202222
-9 -47 -0.0450181 -0.440301
-9 -45 -0.0889138 -0.434772
-9 -43 -0.0447381 -0.147018
-9 -41 -0.0717875 -0.16388
-9 -39 -0.0762953 -0.25126
-9 -37 -0.0614225 -0.328098
-9 -35 -0.133759 -0.516808
-9 -33 -0.142337 -0.53641
-9 -31 -0.142652 -0.49891
-9 -29 -0.146645 -0.496304
-9 -27 -0.163956 -0.514035
-9 -25 -0.188365 -0.559733
-9 -23 -0.207692 -0.578912
-9 -21 -0.219019 -0.5708
-9 -19 -0.223995 -0.537304
-9 -17 -0.219828 -0.485704
-9 -15 -0.212742 -0.427315
-9 -13 -0.203796 -0.367214
-9 -11 -0.195237 -0.30618
-9 -9 -0.183175 -0.241205
-9 -7 -0.16719 -0.177124
-9 -5 -0.144785 -0.111388
-9 -3 -0.125625 -0.0604586
-9 -1 -0.11638 -0.0192491
-9 1 -0.116904 0.0192
-9 3 -0.126506 0.0602048
-9 5 -0.145257 0.111341
-9 7 -0.16601 0.175551
-9 9 -0.184076 0.242572
-9 11 -0.194901 0.305098
-9 13 -0.207164 0.368976
-9 15 -0.213585 0.430156
-9 17 -0.221667 0.487678
-9 19 -0.222631 0.536079
-9 21 -0.22225 0.576747
-9 23 -0.209295 0.579289
-9 25 -0.191058 0.56527
-9 27 -0.164811 0.520741
-9 29 -0.149237 0.497736
-9 31 -0.143883 0.502797
-9 33 -0.142428 0.526963
-9 35 -0.117935 0.462717
-9 37 -0.0739201 0.290197
-9 39 -0.11084 0.260936
-9 41 -0.0200816 0.312843
-9 43 -0.0525627 0.295153
-9 45 -0.0214843 0.210255
-9 47 -0.0629025 0.369422
-9 49 -0.00309778 0.336644
-9 51 -0.103837 0.19808
-9 53 -0.014406 0.295101
-9 55 -0.0193435 0.234
-9 57 -0.0309328 0.109356
-9 59 0.0192497 0.426417
-7 -59 -0.00417695 -0.219384
-7 -57 -0.003753 -0.250079
-7 -55 -0.0940549 -0.143258
-7 -53 -0.0667161 -0.162491
-7 -51 -0.0077201 -0.209337
-7 -49 -0.0613805 -0.249255
-7 -47 -0.0454094 -0.188675
-7 -45 -0.0296302 -0.345218
-7 -43 -0.0366538 -0.294369
-7 -41 -0.0410165 -0.21192
-7 -39 -0.0255224 -0.377887
-7 -37 0.0184529 -0.289595
-7 -35 -0.110138 -0.576988
-7 -33 -0.106813 -0.534623
-7 -31 -0.108157 -0.511065
-7 -29 -0.11323 -0.505656
-7 -27 -0.126298 -0.537874
-7 -25 -0.14166 -0.567089
-7 -23 -0.154708 -0.591632
-7 -21 -0.160586 -0.575393
-7 -19 -0.159705 -0.536187
-7 -17 -0.154473 -0.479792
-7 -15 -0.146601 -0.423245
-7 -13 -0.137952 -0.361571
-7 -11 -0.127686 -0.300012
-7 -9 -0.115452 -0.232538
-7 -7 -0.0987394 -0.161187
-7 -5 -0.0783323 -0.0984436
-7 -3 -0.0654397 -0.053852
-7 -1 -0.0606952 -0.0177732
-7 1 -0.0602234 0.0173366
-7 3 -0.0656259 0.0537414
-7 5 -0.0790853 0.0982293
-7 7 -0.0987002 0.161148
-7 9 -0.115048 0.232104
-7 11 -0.127637 0.298116
-7 13 -0.137245 0.360529
-7 15 -0.146397 0.42275
-7 17 -0.15344 0.477418
-7 19 -0.158697 0.531248
-7 21 -0.15971 0.569776
-7 23 -0.156128 0.594743
-7 25 -0.143092 0.57626
-7 27 -0.12325 0.53051
-7 29 -0.112284 0.504967
-7 31 -0.111681 0.518588
-7 33 -0.108528 0.529785
-7 35 -0.0986079 0.513636
-7 37 -0.064227 0.330615
-7 39 -0.0112258 0.202435
-7 41 -0.0690876 0.33641
-7 43 -0.0093532 0.356702
-7 45 0.0167629 0.238308
-7 47 -0.109 0.409894
-7 49 -0.156795 0.437347
-7 51 -0.0943403 0.462873
-7 53 -0.0226501 0.345065
-7 55 -0.143156 0.660601
-7 57 0.00234779 0.162244
-7 59 -0.183419 0.699992
-5 -59 0.0202884 -0.579385
-5 -57 0.0191728 -0.162947
-5 -55 -0.0382156 -0.0871495
-5 -53 -0.0853468 -0.143323
-5 -51 0.0139342 -0.294606
-5 -49 -0.0376447 -0.199105
-5 -47 -0.0794233 -0.320124
-5 -45 -0.0818303 -0.273749
-5 -43 0.0133327 -0.304952
-5 -41 -0.041322 -0.26665
-5 -39 0.0295209 -0.323829
-5 -37 0.00408545 -0.310377
-5 -35 -0.0729468 -0.550553
-5 -33 -0.0738575 -0.530835
-5 -31 -0.0732018 -0.510921
-5 -29 -0.0760471 -0.512369
-5 -27 -0.0853025 -0.547147
-5 -25 -0.0947244 -0.584312
-5 -23 -0.100558 -0.59307
-5 -21 -0.0988158 -0.568937
-5 -19 -0.0967976 -0.527132
-5 -17 -0.090319 -0.474589
-5 -15 -0.083193 -0.416269
-5 -13 -0.0734457 -0.356224
-5 -11 -0.0629171 -0.293399
-5 -9 -0.0518442 -0.225388
-5 -7 -0.038565 -0.154071
-5 -5 -0.0246889 -0.0940434
-5 -3 -0.015639 -0.0524322
-5 -1 -0.0113625 -0.0177088
-5 1 -0.0115962 0.0172536
-5 3 -0.0160081 0.0528597
-5 5 -0.024798 0.0936232
-5 7 -0.0386622 0.154587
-5 9 -0.0515453 0.225998
-5 11 -0.064095 0.29382
-5 13 -0.0730847 0.354331
-5 15 -0.082751 0.416846
-5 17 -0.0893922 0.473003
-5 19 -0.095956 0.525239
-5 21 -0.0992916 0.568152
-5 23 -0.098361 0.587041
-5 25 -0.0940113 0.58176
-5 27 -0.0846472 0.544142
-5 29 -0.075807 0.50291
-5 31 -0.0739562 0.514081
-5 33 -0.0732719 0.540126
-5 35 -0.0610692 0.550814
-5 37 -0.00581044 0.20377
-5 39 -0.0215526 0.268006
-5 41 -0.0178583 0.221512
-5 43 -0.0302653 0.207818
-5 45 -0.0409985 0.253025
-5 47 -0.0593182 0.0810374
-5 49 -0.0235887 0.268095
-5 51 -0.06427 0.506773
-5 53 -0.0618899 0.242443
-5 55 -0.047438 0.626874
-5 57 -0.0590379 0.336212
-5 59 -0.0258582 -0.0750859
-3 -59 0.0243223 -0.262614
-3 -57 0.000829523 -0.0757174
-3 -55 0.0866731 -0.343625
-3 -53 0.0336374 -0.221968
-3 -51 0.027449 -0.148241
-3 -49 -0.0195531 -0.142484
-3 -47 -0.0406012 -0.193408
-3 -45 0.0112022 -0.250179
-3 -43 0.0233144 -0.197619
-3 -41 0.00172302 -0.501406
-3 -39 -0.0214348 -0.241193
-3 -37 -0.00702238 -0.35293
-3 -35 -0.0276588 -0.546861
-3 -33 -0.0412309 -0.530394
-3 -31 -0.0382702 -0.507252
-3 -29 -0.0369897 -0.500619
-3 -27 -0.0401898 -0.530149
-3 -25 -0.0440356 -0.569732
-3 -23 -0.0446679 -0.591872
-3 -21 -0.0402775 -0.556857
-3 -19 -0.0361343 -0.521097
-3 -17 -0.027354 -0.46523
-3 -15 -0.020678 -0.411001
-3 -13 -0.0118121 -0.350702
-3 -11 -0.00242156 -0.288607
-3 -9 0.00776643 -0.225332
-3 -7 0.01675 -0.157966
-3 -5 0.0270173 -0.100533
-3 -3 0.0348393 -0.0589886
-3 -1 0.0396024 -0.0196192
-3 1 0.0395281 0.0202076
-3 3 0.0347567 0.0572426
-3 5 0.0268125 0.0998074
-3 7 0.0171966 0.158181
-3 9 0.00840496 0.224513
-3 11 -0.00193581 0.289726
-3 13 -0.0119874 0.351042
-3 15 -0.0213985 0.41081
-3 17 -0.0286247 0.46728
-3 19 -0.0362934 0.519874
-3 21 -0.0413351 0.559523
-3 23 -0.0424628 0.576551
-3 25 -0.0427888 0.566417
-3 27 -0.0420211 0.548657
-3 29 -0.0384494 0.509574
-3 31 -0.038598 0.500951
-3 33 -0.0362001 0.51019
-3 35 -0.0341325 0.550619
-3 37 -0.0179538 0.330686
-3 39 -0.0173133 0.395766
-3 41 -0.00649426 0.327391
-3 43 -0.0202421 0.300008
-3 45 -0.00474618 0.196662
-3 47 0.0229528 0.221816
-3 49 0.0257887 0.30876
-3 51 -0.00745269 0.291701
-3 53 -0.00865605 0.27758
-3 55 -0.000967314 0.284856
-3 57 -0.0575975 0.192554
-3 59 -0.0310591 0.245163
-1 -59 -0.0245296 -0.0829673
-1 -57 0.0479934 -0.25786
-1 -55 -0.119337 -0.584013
-1 -53 0.0544143 -0.245593
-1 -51 0.0364789 -0.331028
-1 -49 0.00388018 -0.248259
-1 -47 -0.0146248 -0.373539
-1 -45 0.0074324 -0.366154
-1 -43 0.0155929 -0.41279
-1 -41 0.0112992 -0.20343
-1 -39 -0.032104 -0.410666
-1 -37 -0.016442 -0.328889
-1 -35 -0.0103728 -0.531133
-1 -33 -0.00223227 -0.527518
-1 -31 -0.000146335 -0.490296
-1 -29 -0.00166496 -0.511526
-1 -27 0.00190323 -0.535848
-1 -25 0.00486863 -0.565305
-1 -23 0.0106015 -0.566238
-1 -21 0.0160866 -0.554634
-1 -19 0.0229723 -0.512351
-1 -17 0.0292215 -0.459424
-1 -15 0.0364366 -0.403307
-1 -13 0.0457517 -0.345763
-1 -11 0.0557195 -0.286445
-1 -9 0.0640101 -0.227226
-1 -7 0.0733857 -0.167752
-1 -5 0.0792901 -0.111725
-1 -3 0.0862367 -0.0677953
-1 -1 0.0892512 -0.0214866
-1 1 0.0896169 0.0231329
-1 3 0.0860312 0.0678085
-1 5 0.0789259 0.113912
-1 7 0.0724986 0.166877
-1 9 0.0637515 0.22848
-1 11 0.0547282 0.286755
-1 13 0.0470216 0.345749
-1 15 0.0366507 0.400851
-1 17 0.0293946 0.462538
-1 19 0.0226973 0.509255
-1 21 0.0149688 0.549347
-1 23 0.00966775 0.567513
-1 25 0.00469664 0.552573
-1 27 0.00226195 0.526228
-1 29 -6.91497e-05 0.510416
-1 31 -0.00141483 0.498212
-1 33 -0.0024046 0.543897
-1 35 -0.00270502 0.565413
-1 37 0.0125115 0.355407
-1 39 0.0135941 0.197083
-1 41 0.0163529 0.267325
-1 43 -0.00286419 0.261666
-1 45 -0.0211478 0.109216
-1 47 0.00741317 0.276097
-1 49 -1.5823e-05 0.365287
-1 51 -0.0316638 0.361134
-1 53 -0.0628914 0.243844
-1 55 0.0222111 0.169316
-1 57 0.0389724 0.188992
-1 59 0.00887714 0.268681
1 -59 0.00993703 -0.211665
1 -57 -0.0424768 -0.328235
1 -55 0.0703325 -0.373321
1 -53 -0.0643523 -0.182562
1 -51 0.025131 -0.32151
1 -49 0.0135912 -0.35947
1 -47 0.00529326 -0.163381
1 -45 0.0587627 -0.27683
1 -43 0.0423275 -0.234345
1 -41 0.00408977 -0.14359
1 -39 -1.45864e-06 -0.348849
1 -37 0.0165865 -0.262944
1 -35 0.0305994 -0.518683
1 -33 0.0304896 -0.517618
1 -31 0.0325396 -0.50315
1 -29 0.0347329 -0.496621
1 -27 0.0414126 -0.514976
1 -25 0.0509812 -0.535861
1 -23 0.0608675 -0.553247
1 -21 0.0693032 -0.533652
1 -19 0.0765813 -0.498452
1 -17 0.084358 -0.452832
1 -15 0.0907526 -0.39673
1 -13 0.098279 -0.341876
1 -11 0.106366 -0.286251
1 -9 0.113462 -0.226521
1 -7 0.121221 -0.171462
1 -5 0.125675 -0.11901
1 -3 0.129357 -0.0703422
1 -1 0.129926 -0.0234841
1 1 0.130073 0.0234051
1 3 0.12844 0.0703691
1 5 0.126147 0.118423
1 7 0.122376 0.173088
1 9 0.11294 0.227425
1 11 0.106689 0.285403
1 13 0.100126 0.341506
1 15 0.0925152 0.396181
1 17 0.0846468 0.452409
1 19 0.0777529 0.497711
1 21 0.0694068 0.536762
1 23 0.0603439 0.555158
1 25 0.0517212 0.54922
1 27 0.0406842 0.505309
1 29 0.0378589 0.498001
1 31 0.0321842 0.484951
1 33 0.0311724 0.520166
1 35 0.0239557 0.512509
1 37 0.0295098 0.255095
1 39 0.0226579 0.315775
1 41 0.00890986 0.238861
1 43 -0.00296485 0.300825
1 45 -0.0721504 0.134824
1 47 -0.00914681 0.200085
1 49 0.0178937 0.371537
1 51 -0.0374012 0.245424
1 53 -0.0739107 0.184248
1 55 0.0766849 0.448905
1 57 0.114106 0.593991
1 59 0.173379 0.00166184
3 -59 0.00612217 -0.340223
3 -57 0.0926986 -0.511315
3 -55 0.0339329 -0.160098
3 -53 0.00871791 -0.244183
3 -51 0.0681177 -0.190254
3 -49 0.00780892 -0.299296
3 -47 -0.0870174 -0.115317
3 -45 0.0163997 -0.335647
3 -43 0.0467549 -0.1869
3 -41 0.0197065 -0.46755
3 -39 0.0244543 -0.196928
3 -37 0.018888 -0.175875
3 -35 0.0655093 -0.539452
3 -33 0.0648352 -0.519862
3 -31 0.0659544 -0.486217
3 -29 0.069625 -0.482419
3 -27 0.076374 -0.48512
3 -25 0.0921125 -0.519524
3 -23 0.105324 -0.528883
3 -21 0.117891 -0.517056
3 -19 0.127059 -0.482492
3 -17 0.133862 -0.43781
3 -15 0.14236 -0.389472
3 -13 0.147644 -0.333742
3 -11 0.152989 -0.280674
3 -9 0.157254 -0.224723
3 -7 0.162908 -0.17116
3 -5 0.164904 -0.120501
3 -3 0.168663 -0.0714536
3 -1 0.168475 -0.0237504
3 1 0.167262 0.0247177
3 3 0.16819 0.0718907
3 5 0.166496 0.119911
3 7 0.163405 0.173424
3 9 0.156921 0.224589
3 11 0.1545 0.28244
3 13 0.146855 0.333606
3 15 0.142581 0.389359
3 17 0.133874 0.434846
3 19 0.126473 0.48316
3 21 0.117278 0.515244
3 23 0.104568 0.523896
3 25 0.0923824 0.522861
3 27 0.0779209 0.492835
3 29 0.0692762 0.480023
3 31 0.0650157 0.49392
3 33 0.065022 0.542793
3 35 0.064865 0.527097
3 37 0.0207872 0.318728
3 39 0.0758771 0.243806
3 41 0.00843086 0.271383
3 43 0.0206165 0.138194
3 45 0.0928613 0.2752
3 47 0.0575144 0.22662
3 49 0.0443867 0.225116
3 51 -0.0560592 0.149588
3 53 0.0681312 0.219704
3 55 -0.053205 0.364819
3 57 0.0218696 0.37398
3 59 0.030049 0.42141
5 -59 -0.0574411 -0.229749
5 -57 -0.0514473 -0.316793
5 -55 -0.0278774 -0.138849
5 -53 0 0
5 -51 0.0596878 -0.216023
5 -49 -0.0181288 -0.169047
5 -47 0.103307 -0.733242
5 -45 -0.00283348 -0.235105
5 -43 0.00406772 -0.191141
5 -41 0.0428783 -0.139253
5 -39 0.043681 -0.139463
5 -37 -0.00606792 -0.31043
5 -35 0.0810386 -0.506657
5 -33 0.0948079 -0.507864
5 -31 0.0943204 -0.474441
5 -29 0.103392 -0.475061
5 -27 0.111659 -0.474162
5 -25 0.129025 -0.495595
5 -23 0.144719 -0.50404
5 -21 0.160269 -0.492647
5 -19 0.172696 -0.468788
5 -17 0.181351 -0.429706
5 -15 0.188417 -0.383863
5 -13 0.194343 -0.331572
5 -11 0.198887 -0.277686
5 -9 0.202094 -0.223198
5 -7 0.203401 -0.170436
5 -5 0.203111 -0.119986
5 -3 0.206024 -0.0724479
5 -1 0.204924 -0.0245185
5 1 0.204072 0.0237353
5 3 0.204147 0.0707318
5 5 0.203747 0.120614
5 7 0.203065 0.172538
5 9 0.203326 0.224
5 11 0.197153 0.2761
5 13 0.192619 0.329925
5 15 0.186531 0.378676
5 17 0.179477 0.428518
5 19 0.170472 0.465435
5 21 0.161266 0.497314
5 23 0.147581 0.509085
5 25 0.126791 0.490357
5 27 0.112992 0.479302
5 29 0.102376 0.470596
5 31 0.0988334 0.489569
5 33 0.0998082 0.536048
5 35 0.0895319 0.5079
5 37 0.0630051 0.424871
5 39 0.0391191 0.260559
5 41 0.07971 0.189469
5 43 0.0213065 0.270883
5 45 0.101487 0.12554
5 47 0.0604909 0.150108
5 49 0.0413491 0.225808
5 51 -0.0314425 0.192967
5 53 0.0567472 0.3007
5 55 -0.114344 0.295677
5 57 0.025743 0.241393
5 59 0.0779382 0.511473
7 -59 0.00320151 -0.192262
7 -57 0.175364 -0.380699
7 -55 -0.0667807 -0.278841
7 -53 0.0385977 -0.0801422
7 -51 0.1374 -0.159438
7 -49 0.0319181 -0.145122
7 -47 0.102909 -0.235872
7 -45 -0.00123518 -0.181039
7 -43 0.0621859 -0.266249
7 -41 0.104225 -0.363492
7 -39 0.0371546 -0.246954
7 -37 0.0397715 -0.225334
7 -35 0.131678 -0.474714
7 -33 0.127778 -0.510871
7 -31 0.131824 -0.490233
7 -29 0.132051 -0.454773
7 -27 0.138999 -0.447538
7 -25 0.162308 -0.476597
7 -23 0.178206 -0.473307
7 -21 0.198559 -0.473394
7 -19 0.213398 -0.44883
7 -17 0.223739 -0.416301
7 -15 0.232488 -0.376294
7 -13 0.238681 -0.324507
7 -11 0.240573 -0.274067
7 -9 0.240067 -0.220776
7 -7 0.241094 -0.16935
7 -5 0.24335 -0.12218
7 -3 0.241232 -0.0701057
7 -1 0.241583 -0.0239227
7 1 0.241347 0.0252289
7 3 0.243807 0.0714902
7 5 0.24497 0.12221
7 7 0.242639 0.170864
7 9 0.241181 0.22197
7 11 0.240309 0.272639
7 13 0.237665 0.325981
7 15 0.232762 0.374436
7 17 0.224842 0.418516
7 19 0.214631 0.452148
7 21 0.199059 0.470961
7 23 0.179398 0.475228
7 25 0.160248 0.470484
7 27 0.140899 0.453202
7 29 0.132636 0.460746
7 31 0.129602 0.478506
7 33 0.13437 0.496178
7 35 0.11524 0.473062
7 37 0.0489796 0.247699
7 39 0.0500466 0.304101
7 41 0.0200631 0.172733
7 43 0.106861 0.37627
7 45 0.0322147 0.314346
7 47 0.00434769 0.170632
7 49 0.0427558 0.12698
7 51 0.0321959 0.24754
7 53 0.0676521 0.256898
7 55 0.0244621 0.375599
7 57 0.155907 0.269555
7 59 0.149683 0.27632
9 -59 0.103627 -0.330224
9 -57 0.0564557 -0.233225
9 -55 0.109232 -0.205815
9 -53 -0.0582542 -0.00658664
9 -51 0.00936807 -0.19522
9 -49 -0.105195 -0.0837319
9 -47 0.113971 -0.285528
9 -45 0.144185 -0.150605
9 -43 -0.00692947 -0.129332
9 -41 0.0744344 -0.291407
9 -39 0.0432263 -0.240182
9 -37 0.107894 -0.483404
9 -35 0.128631 -0.449475
9 -33 0.155155 -0.513734
9 -31 0.158109 -0.465464
9 -29 0.15963 -0.443739
9 -27 0.168501 -0.434802
9 -25 0.183632 -0.43561
9 -23 0.206516 -0.445046
9 -21 0.23027 -0.446431
9 -19 0.251995 -0.438179
9 -17 0.263333 -0.403235
9 -15 0.271068 -0.362142
9 -13 0.275248 -0.317508
9 -11 0.28182 -0.270706
9 -9 0.282162 -0.220634
9 -7 0.281014 -0.170992
9 -5 0.282179 -0.121322
9 -3 0.284785 -0.0719487
9 -1 0.283928 -0.0229422
9 1 0.282509 0.0244139
9 3 0.282353 0.0723237
9 5 0.285526 0.122356
9 7 0.284556 0.16912
9 9 0.282981 0.219851
9 11 0.282359 0.269197
9 13 0.278869 0.321186
9 15 0.273982 0.368178
9 17 0.26171 0.400004
9 19 0.243973 0.425251
9 21 0.229034 0.445611
9 23 0.203058 0.43746
9 25 0.185089 0.438674
9 27 0.167662 0.430327
9 29 0.165447 0.456058
9 31 0.160337 0.471928
9 33 0.1519 0.489144
9 35 0.121077 0.400727
9 37 0.0275284 0.210798
9 39 0.00576674 0.161651
9 41 0.113118 0.313072
9 43 0.0196025 0.101369
9 45 0.0439931 0.183881
9 47 0.0499491 0.288436
9 49 0.0473667 0.332867
9 51 0.0512868 0.168028
9 53 0.0402726 0.247793
9 55 0.0216166 0.337953
9 57 0.00947816 0.138282
9 59 0.165077 0.309353
11 -59 0.0561928 -0.193634
11 -57 0.0866086 -0.450578
11 -55 -0.0108437 -0.455573
11 -53 0.1055 -0.371097
11 -51 0.0211415 -0.211859
11 -49 0.0569819 -0.377387
11 -47 -0.0448552 -0.262785
11 -45 0.0688884 -0.281738
11 -43 0.0986365 -0.268689
11 -41 0.0473419 -0.271544
11 -39 0.0583709 -0.3091
11 -37 0.10231 -0.237839
11 -35 0.100243 -0.217915
11 -33 0.195565 -0.50872
11 -31 0.19125 -0.471362
11 -29 0.192633 -0.442722
11 -27 0.195461 -0.417202
11 -25 0.208041 -0.413843
11 -23 0.230822 -0.417376
11 -21 0.246357 -0.406966
11 -19 0.278984 -0.409025
11 -17 0.294312 -0.384909
11 -15 0.304586 -0.347336
11 -13 0.318645 -0.31261
11 -11 0.318443 -0.263353
11 -9 0.324696 -0.217614
11 -7 0.322446 -0.167931
11 -5 0.325829 -0.12106
11 -3 0.324408 -0.0710875
11 -1 0.325523 -0.0236239
11 1 0.324289 0.0233898
11 3 0.32188 0.071895
11 5 0.325567 0.119793
11 7 0.326022 0.169266
11 9 0.322686 0.215388
11 11 0.316553 0.262329
11 13 0.316171 0.31302
11 15 0.304723 0.347512
11 17 0.293478 0.382305
11 19 0.27232 0.402398
11 21 0.251762 0.412647
11 23 0.231542 0.420984
11 25 0.207231 0.408382
11 27 0.197271 0.420955
11 29 0.1987 0.457447
11 31 0.194952 0.480066
11 33 0.190786 0.49596
11 35 0.109438 0.362709
11 37 0.0894088 0.144331
11 39 0.0949777 0.160197
11 41 0.128005 0.364383
11 43 0.0694889 0.293185
11 45 0.046519 0.245821
11 47 0.0448319 0.125274
11 49 0.0174702 0.166311
11 51 0.0122453 0.122612
11 53 -0.00507699 0.29596
11 55 0.0700658 0.245301
11 57 0.0389414 0.125888
11 59 0.0612039 0.228942
13 -59 0.0644661 -0.131952
13 -57 -0.112194 -0.0310574
13 -55 0.0239041 -0.442272
13 -53 0.156667 -0.53992
13 -51 0.0559022 -0.220501
13 -49 0.0932552 -0.352974
13 -47 0.110835 -0.329225
13 -45 0.176163 -0.232767
13 -43 0.097587 -0.260995
13 -41 0.0977072 -0.309547
13 -39 0.00888635 -0.138778
13 -37 0.056666 -0.0834406
13 -35 0.132604 -0.33323
13 -33 0.220257 -0.462966
13 -31 0.220841 -0.460567
13 -29 0.227569 -0.450187
13 -27 0.220361 -0.403821
13 -25 0.231515 -0.392304
13 -23 0.248669 -0.390296
13 -21 0.273757 -0.387863
13 -19 0.293898 -0.375418
13 -17 0.320573 -0.363821
13 -15 0.330875 -0.331513
13 -13 0.348092 -0.299346
13 -11 0.354189 -0.256662
13 -9 0.358343 -0.21315
13 -7 0.360418 -0.164904
13 -5 0.365123 -0.118626
13 -3 0.364707 -0.0717297
13 -1 0.368595 -0.0234524
13 1 0.366981 0.0243946
13 3 0.368641 0.0712378
13 5 0.362523 0.117371
13 7 0.36529 0.167065
13 9 0.359108 0.212579
13 11 0.35577 0.257783
13 13 0.348468 0.300178
13 15 0.337306 0.334562
13 17 0.309568 0.352701
13 19 0.295733 0.380094
13 21 0.27233 0.388273
13 23 0.244543 0.383666
13 25 0.232694 0.391975
13 27 0.22894 0.417801
13 29 0.232247 0.450192
13 31 0.236848 0.486022
13 33 0.20343 0.438475
13 35 0.0294581 0.224278
13 37 0.153099 0.400944
13 39 0.0847757 0.317886
13 41 0.0848999 0.170568
13 43 0.0592525 0.219415
13 45 0.00366609 0.116094
13 47 0.09371 0.282217
13 49 0.0174565 0.268385
13 51 0.109587 0.120562
13 53 0.104452 0.266927
13 55 0.160265 0.208914
13 57 0.0794453 0.395291
13 59 -0.0244129 0.225566
15 -59 0 0
15 -57 -0.0400418 -0.284066
15 -55 0.154897 -0.151436
15 -53 0.0282617 -0.0935112
15 -51 0.100695 -0.21944
15 -49 0.0882014 -0.457121
15 -47 0.162599 -0.364233
15 -45 0.125555 -0.433647
15 -43 0.0595496 -0.270406
15 -41 0.0714859 -0.29196
15 -39 0.0662423 -0.242594
15 -37 0.129712 -0.20203
15 -35 0.120999 -0.24545
15 -33 0.151084 -0.342284
15 -31 0.255621 -0.471453
15 -29 0.256121 -0.442469
15 -27 0.251699 -0.401492
15 -25 0.255046 -0.378446
15 -23 0.270905 -0.367785
15 -21 0.282852 -0.353709
15 -19 0.302006 -0.338267
15 -17 0.330281 -0.32993
15 -15 0.357223 -0.313183
15 -13 0.373069 -0.284669
15 -11 0.386479 -0.248686
15 -9 0.391687 -0.205822
15 -7 0.397871 -0.162799
15 -5 0.401257 -0.118225
15 -3 0.408681 -0.0708432
15 -1 0.401263 -0.0235092
15 1 0.401199 0.0235187
15 3 0.402925 0.0700594
15 5 0.400942 0.115776
15 7 0.399261 0.163429
15 9 0.395429 0.208277
15 11 0.385194 0.249009
15 13 0.363107 0.27824
15 15 0.355629 0.314059
15 17 0.33125 0.333298
15 19 0.307365 0.346758
15 21 0.286168 0.357961
15 23 0.269937 0.368742
15 25 0.256929 0.382733
15 27 0.25833 0.416816
15 29 0.266948 0.448072
15 31 0.248277 0.46958
15 33 0.238191 0.395871
15 35 0.117848 0.266496
15 37 0.143575 0.327414
15 39 0.0900406 0.218447
15 41 0.161094 0.243183
15 43 0.143758 0.475991
15 45 0.133621 0.269941
15 47 0.120187 0.18458
15 49 0.10186 0.360076
15 51 0.0127485 0.193059
15 53 0.0954861 0.296631
15 55 0.161364 0.31446
15 57 0.160223 0.424694
15 59 -0.119037 0.123056
17 -59 -0.0848892 -0.109698
17 -57 0.0287651 -0.299659
17 -55 0.136577 -0.22388
17 -53 0.225031 -0.460272
17 -51 0.116303 -0.19685
17 -49 0.123375 -0.192558
17 -47 0.0595392 -0.259457
17 -45 0.0601786 -0.215566
17 -43 0.0905289 -0.156621
17 -41 0.0643532 -0.134784
17 -39 0.0675701 -0.201344
17 -37 0.0405908 -0.261793
17 -35 0.115813 -0.260411
17 -33 0.0974657 -0.233828
17 -31 0.225767 -0.375641
17 -29 0.300541 -0.463157
17 -27 0.299016 -0.420283
17 -25 0.281599 -0.369343
17 -23 0.284432 -0.345079
17 -21 0.297837 -0.332978
17 -19 0.315726 -0.317236
17 -17 0.334643 -0.300924
17 -15 0.356678 -0.283523
17 -13 0.37745 -0.260076
17 -11 0.398112 -0.230706
17 -9 0.419244 -0.197973
17 -7 0.426987 -0.155944
17 -5 0.428396 -0.112217
17 -3 0.43205 -0.0665919
17 -1 0.436209 -0.0225337
17 1 0.433516 0.0219778
17 3 0.433986 0.0675459
17 5 0.439065 0.115942
17 7 0.425827 0.157107
17 9 0.420576 0.19911
17 11 0.39784 0.230392
17 13 0.374473 0.259393
17 15 0.359628 0.286902
17 17 0.329908 0.298763
17 19 0.31206 0.31558
17 21 0.297698 0.329563
17 23 0.285837 0.347823
17 25 0.289293 0.379343
17 27 0.28466 0.401898
17 29 0.286602 0.437585
17 31 0.255802 0.400204
17 33 0.160503 0.21895
17 35 0.142078 0.24761
17 37 0.101253 0.303802
17 39 0.126378 0.283228
17 41 0.112086 0.182153
17 43 0.160342 0.183171
17 45 0.194941 0.368555
17 47 0.0533384 0.0429041
17 49 0.0232622 0.199668
17 51 -0.0105627 0.126209
17 53 0.105814 0.219371
17 55 -0.0560532 0.278494
17 57 0.191447 0.167429
17 59 0.0120938 0.111423
19 -59 0 0
19 -57 0.0335765 -0.227631
19 -55 -0.169668 -0.27613
19 -53 0.0974896 0.0213536
19 -51 0.0909162 -0.266225
19 -49 0.0354011 -0.199286
19 -47 0.379494 -0.935672
19 -45 0.101376 -0.252341
19 -43 0.0659712 -0.149716
19 -41 0.0284923 -0.185824
19 -39 0.133254 -0.22115
19 -37 0.176024 -0.192233
19 -35 0.125256 -0.266614
19 -33 0.106802 -0.161472
19 -31 0.117311 -0.179118
19 -29 0.311692 -0.41389
19 -27 0.328745 -0.4106
19 -25 0.331514 -0.388908
19 -23 0.322436 -0.34948
19 -21 0.319302 -0.320893
19 -19 0.325351 -0.296961
19 -17 0.338095 -0.276501
19 -15 0.354104 -0.25398
19 -13 0.38062 -0.235974
19 -11 0.402339 -0.210217
19 -9 0.413969 -0.178492
19 -7 0.425905 -0.143732
19 -5 0.444019 -0.105551
19 -3 0.447597 -0.0627297
19 -1 0.450932 -0.0213757
19 1 0.450771 0.0217657
19 3 0.444661 0.0624273
19 5 0.448281 0.106216
19 7 0.428706 0.143078
19 9 0.4225 0.181452
19 11 0.396918 0.206431
19 13 0.384927 0.240623
19 15 0.357974 0.257205
19 17 0.335219 0.274051
19 19 0.330762 0.299216
19 21 0.316777 0.317031
19 23 0.320225 0.347027
19 25 0.333411 0.392136
19 27 0.325001 0.405259
19 29 0.316593 0.436509
19 31 0.187465 0.238088
19 33 0.170673 0.30787
19 35 0.159972 0.289298
19 37 0.176014 0.385468
19 39 0.164623 0.239418
19 41 0.0464172 0.23637
19 43 -0.0137499 0.129854
19 45 0.0179327 0.114647
19 47 0.218763 0.312077
19 49 0.0383335 0.105074
19 51 0.24862 0.271582
19 53 0.00923233 0.112774
19 55 0.0930425 0.0797449
19 57 0.0316097 0.366499
19 59 0.0829235 0.262739
21 -59 0.0939723 -0.0726005
21 -57 0.139515 -0.214583
21 -55 0.0213685 -0.0290809
21 -53 0.0932215 -0.100141
21 -51 0.161078 -0.230059
21 -49 0.118642 -0.206673
21 -47 -0.00549255 -0.125983
21 -45 0.100076 -0.368327
21 -43 0.205653 -0.299373
21 -41 0.151364 -0.168225
21 -39 0.033543 -0.205549
21 -37 0.245191 -0.246679
21 -35 0.0430289 -0.170598
21 -33 0.118961 -0.188456
21 -31 0.107854 -0.16103
21 -29 0.238721 -0.285326
21 -27 0.366959 -0.421648
21 -25 0.366642 -0.386212
21 -23 0.348057 -0.342105
21 -21 0.338789 -0.305068
21 -19 0.34853 -0.286848
21 -17 0.355309 -0.262738
21 -15 0.357573 -0.23475
21 -13 0.373121 -0.213565
21 -11 0.384658 -0.184495
21 -9 0.402422 -0.157138
21 -7 0.425138 -0.129292
21 -5 0.442584 -0.0972447
21 -3 0.453542 -0.059693
21 -1 0.448862 -0.0210686
21 1 0.453088 0.0197979
21 3 0.447083 0.0573771
21 5 0.436145 0.0957754
21 7 0.424627 0.130591
21 9 0.411064 0.161727
21 11 0.395511 0.19003
21 13 0.379694 0.216172
21 15 0.364174 0.239857
21 17 0.355935 0.262216
21 19 0.349397 0.286732
21 21 0.352468 0.315353
21 23 0.354598 0.34663
21 25 0.372739 0.385386
21 27 0.327906 0.369812
21 29 0.229597 0.328859
21 31 0.134456 0.225183
21 33 0.120813 0.267539
21 35 0.213753 0.369205
21 37 0.153091 0.26316
21 39 0.0817588 0.221643
21 41 0.0337085 0.102057
21 43 0.226731 0.270889
21 45 0.345929 0.508295
21 47 0.161964 0.303933
21 49 0.116134 0.106725
21 51 0.0610945 0.185401
21 53 -0.0398907 0.132631
21 55 0.122686 0.17857
21 57 -0.0721779 0.0346431
21 59 0.0193159 0.0850842
23 -59 0.0830834 -0.239135
23 -57 0.0832009 -0.122278
23 -55 0.0889625 -0.218995
23 -53 0.098515 -0.111695
23 -51 0.134564 -0.298206
23 -49 0.0340553 -0.0376619
23 -47 0.121802 -0.179111
23 -45 0.203458 -0.369181
23 -43 0 0
23 -41 0.0969058 -0.263744
23 -39 0.180189 -0.274938
23 -37 0.190859 -0.374663
23 -35 0.118311 -0.136573
23 -33 0.0708044 -0.126093
23 -31 0.132534 -0.20475
23 -29 0.123184 -0.12113
23 -27 0.175989 -0.2113
23 -25 0.373299 -0.366078
23 -23 0.404133 -0.363157
23 -21 0.37583 -0.311381
23 -19 0.383705 -0.286105
23 -17 0.385475 -0.259101
23 -15 0.371567 -0.222332
23 -13 0.379376 -0.196363
23 -11 0.392437 -0.172415
23 -9 0.400422 -0.144768
23 -7 0.415333 -0.117708
23 -5 0.428749 -0.0862723
23 -3 0.426039 -0.0521581
23 -1 0.43362 -0.0168206
23 1 0.440058 0.0178205
23 3 0.426128 0.0513585
23 5 0.42218 0.0842324
23 7 0.41315 0.11707
23 9 0.396858 0.144158
23 11 0.390079 0.171076
23 13 0.376105 0.195254
23 15 0.37208 0.220472
23 17 0.371852 0.24933
23 19 0.384148 0.287387
23 21 0.390058 0.315334
23 23 0.390228 0.348396
23 25 0.375816 0.350127
23 27 0.285778 0.297341
23 29 0.0576591 0.09889
23 31 0.197062 0.252913
23 33 0.12788 0.18116
23 35 0.13409 0.206962
23 37 0.0658144 0.204226
23 39 -0.0245293 0.0307277
23 41 0.0940351 0.0650529
23 43 0.113707 0.153676
23 45 0.264454 0.263642
23 47 0.0635437 0.1546
23 49 0.157788 0.295579
23 51 -0.0162463 0.0798346
23 53 0.117927 0.0751941
23 55 0.176394 0.132725
23 57 0.0124501 0.228543
23 59 0.254776 0.295199
25 -59 -0.0388839 -0.1641
25 -57 0.0809774 -0.108829
25 -55 0.129113 -0.198539
25 -53 0.101542 -0.224903
25 -51 0.0955141 -0.107035
25 -49 0.189591 -0.322606
25 -47 0.279688 -0.510315
25 -45 0.140858 -0.218613
25 -43 0.130009 -0.0999675
25 -41 0.157538 -0.161336
25 -39 0.00499011 -0.153652
25 -37 0.114063 -0.197801
25 -35 0.162886 -0.223273
25 -33 0.136721 -0.121097
25 -31 0.224458 -0.201397
25 -29 0.139844 -0.120491
25 -27 0.107589 -0.113009
25 -25 0.306681 -0.231981
25 -23 0.407218 -0.336543
25 -21 0.421821 -0.316599
25 -19 0.435514 -0.298516
25 -17 0.413785 -0.254259
25 -15 0.409813 -0.223381
25 -13 0.413387 -0.195139
25 -11 0.411119 -0.16461
25 -9 0.408866 -0.136375
25 -7 0.419848 -0.108549
25 -5 0.424604 -0.078783
25 -3 0.432381 -0.0489015
25 -1 0.423096 -0.0162535
25 1 0.429533 0.0148016
25 3 0.41484 0.0472876
25 5 0.419234 0.0773472
25 7 0.420164 0.107179
25 9 0.416963 0.137027
25 11 0.405148 0.163726
25 13 0.414178 0.195456
25 15 0.418291 0.228354
25 17 0.415749 0.25804
25 19 0.400359 0.274185
25 21 0.42551 0.312646
25 23 0.412812 0.33111
25 25 0.20659 0.199334
25 27 0.186455 0.235169
25 29 0.228391 0.258959
25 31 0.199789 0.181876
25 33 0.326176 0.430074
25 35 0.204699 0.19177
25 37 0.0558989 0.211128
25 39 0.147597 0.162414
25 41 0.169002 0.293168
25 43 0.0603281 0.105104
25 45 0.146993 0.492528
25 47 0.151658 0.248218
25 49 0.0873824 0.0317341
25 51 0.0552176 0.0372447
25 53 0.0898156 0.144636
25 55 -0.00485872 0.112706
25 57 0.0482768 0.193696
25 59 0 0
27 -59 0.272557 -0.558802
27 -57 -0.0562558 -0.0436944
27 -55 0.088267 -0.0605087
27 -53 0.100351 -0.342523
27 -51 0.118866 -0.126511
27 -49 -0.0107333 -0.174328
27 -47 0.106169 -0.148078
27 -45 0.236298 -0.164342
27 -43 0.0398102 0.0145943
27 -41 0.284309 -0.267823
27 -39 0.232111 -0.176122
27 -37 0.284873 -0.170504
27 -35 0.165812 -0.208011
27 -33 0.140557 -0.191177
27 -31 0.251467 -0.293351
27 -29 0.242361 -0.142271
27 -27 0.197507 -0.163842
27 -25 0.1359 -0.115133
27 -23 0.291866 -0.251659
27 -21 0.368672 -0.260501
27 -19 0.437089 -0.276541
27 -17 0.453935 -0.259121
27 -15 0.44331 -0.223867
27 -13 0.438116 -0.188564
27 -11 0.442573 -0.164965
27 -9 0.436246 -0.134429
27 -7 0.440725 -0.104048
27 -5 0.434995 -0.0729316
27 -3 0.437341 -0.0445629
27 -1 0.437505 -0.0150723
27 1 0.432362 0.0153958
27 3 0.444841 0.0442632
27 5 0.434406 0.0750976
27 7 0.444318 0.106726
27 9 0.438871 0.133358
27 11 0.439634 0.163732
27 13 0.440232 0.191
27 15 0.447562 0.220812
27 17 0.464282 0.258039
27 19 0.46525 0.298908
27 21 0.465782 0.319255
27 23 0.313003 0.281708
27 25 0.128077 0.0569696
27 27 0.169409 0.118625
27 29 0.207316 0.204695
27 31 0.273316 0.264082
27 33 0.196833 0.1431
27 35 0.187614 0.273029
27 37 0.67444 0.817954
27 39 0.211758 0.217946
27 41 0.0556635 0.151479
27 43 0.0608117 0.159933
27 45 0.11731 0.291964
27 47 0.136242 0.136318
27 49 0.119067 0.205965
27 51 0.209591 0.354668
27 53 0.120745 0.263612
27 55 0 0
27 57 0.218111 0.18445
27 59 0.120854 0.107688
29 -59 0.239723 -0.205462
29 -57 0.0420407 -0.282387
29 -55 0.159355 -0.229329
29 -53 0.349309 -0.599079
29 -51 0.0436055 -0.292205
29 -49 0.0855501 -0.176346
29 -47 0.164436 -0.238494
29 -45 0.0976935 -0.254272
29 -43 0.320661 -0.2418
29 -41 0.109828 -0.143111
29 -39 0.0177682 -0.112769
29 -37 0.329162 -0.435791
29 -35 0.162526 -0.195493
29 -33 0.197773 -0.276759
29 -31 0.113116 -0.166716
29 -29 0.259049 -0.23038
29 -27 0.258689 -0.190809
29 -25 0.248497 -0.105784
29 -23 0.251677 -0.235161
29 -21 0.194282 -0.167341
29 -19 0.232678 -0.159899
29 -17 0.455225 -0.240111
29 -15 0.483953 -0.229187
29 -13 0.472442 -0.188875
29 -11 0.479994 -0.163702
29 -9 0.487409 -0.136267
29 -7 0.472198 -0.10584
29 -5 0.471682 -0.0752216
29 -3 0.474837 -0.0452939
29 -1 0.463967 -0.0137028
29 1 0.473832 0.0135531
29 3 0.476421 0.045377
29 5 0.483547 0.0760368
29 7 0.465221 0.100549
29 9 0.476875 0.132023
29 11 0.498808 0.173035
29 13 0.503338 0.202287
29 15 0.485427 0.223382
29 17 0.457404 0.232254
29 19 0.269269 0.13188
29 21 0.208768 0.134723
29 23 0.176417 0.151789
29 25 0.225022 0.201414
29 27 0.146904 0.0823725
29 29 0.106331 0.0908769
29 31 0.20031 0.135584
29 33 0.166934 0.121196
29 35 0.0973576 0.0154742
29 37 0.0994472 0.0978797
29 39 0.124085 0.13512
29 41 0.119563 0.256064
29 43 0.189703 0.0552127
29 45 0.0763898 0.0032866
29 47 0.141873 0.137109
29 49 0.00853556 0.0288058
29 51 0.0753418 0.14316
29 53 0.137347 0.395887
29 55 0.108021 0.197931
29 57 0.0964742 0.0945955
29 59 0.0636412 0.148017
31 -59 0.0956781 -0.55887
31 -57 0.0766506 -0.117011
31 -55 0.0590123 -0.179984
31 -53 0.00740803 -0.076895
31 -51 0.148219 -0.112632
31 -49 0.13411 -0.149287
31 -47 0.0663934 -0.199685
31 -45 0.144866 -0.0631636
31 -43 0.308537 -0.555994
31 -41 0.197152 -0.0830015
31 -39 0.215702 -0.374174
31 -37 0.406677 -0.346784
31 -35 0.16265 -0.0483036
31 -33 0.3293 -0.282231
31 -31 0.120282 -0.0952505
31 -29 0.157458 -0.185438
31 -27 0.188195 -0.188342
31 -25 0.182886 -0.140084
31 -23 0.209165 -0.0589541
31 -21 0.190547 -0.148301
31 -19 0.133906 -0.0789687
31 -17 0.127084 -0.130122
31 -15 0.284168 -0.153851
31 -13 0.406651 -0.16028
31 -11 0.53694 -0.149325
31 -9 0.500945 -0.131941
31 -7 0.492856 -0.0951587
31 -5 0.524557 -0.0791647
31 -3 0.50616 -0.0429997
31 -1 0.504739 -0.0148546
31 1 0.511046 0.0115103
31 3 0.514395 0.0480621
31 5 0.502087 0.0720878
31 7 0.540652 0.11072
31 9 0.475012 0.127642
31 11 0.4868 0.148172
31 13 0.507513 0.189426
31 15 0.406396 0.18047
31 17 0.179165 0.122076
31 19 0.295407 0.073251
31 21 0.17792 0.0674115
31 23 0.247218 0.168789
31 25 0.282425 0.17152
31 27 0.193959 0.0586647
31 29 0.185237 0.128717
31 31 0.227606 0.162179
31 33 0.253858 0.259027
31 35 0.166756 0.108321
31 37 0.136098 0.102413
31 39 0.123753 0.101044
31 41 0.142921 0.241929
31 43 0.072266 -0.00741526
31 45 0.0822697 0.345601
31 47 0.161942 0.340751
31 49 0.0768014 0.191738
31 51 0.068482 0.158855
31 53 0.204706 0.251956
31 55 0.0557093 0.140116
31 57 0 0
31 59 0 0
33 -59 0.0909038 -0.312304
33 -57 0.16504 -0.00664008
33 -55 0.164086 -0.245476
33 -53 0.258893 -0.375467
33 -51 0.136938 -0.367062
33 -49 0.151489 -0.097426
33 -47 0.12291 -0.255656
33 -45 0.554866 -0.63753
33 -43 0.00700825 -0.302193
33 -41 0.211786 -0.234168
33 -39 0.300356 -0.264088
33 -37 0.00244708 0.0114281
33 -35 0.213125 -0.277796
33 -33 0.268665 -0.347277
33 -31 0.249456 -0.305153
33 -29 0.225617 -0.229203
33 -27 0.12157 -0.133683
33 -25 0.0721811 -0.0873532
33 -23 0.26075 -0.10714
33 -21 0.258456 -0.22169
33 -19 0.368899 -0.182774
33 -17 0.331768 -0.165814
33 -15 0.195057 -0.0926068
33 -13 0.299058 -0.103012
33 -11 0.282435 -0.0980932
33 -9 0.444817 -0.115936
33 -7 0.360571 -0.094108
33 -5 0.453818 -0.0572102
33 -3 0.469135 -0.0293545
33 -1 0.527459 -0.00355579
33 1 0.521828 0.0189578
33 3 0.512629 0.0473507
33 5 0.468143 0.0569997
33 7 0.426875 0.0630842
33 9 0.244771 0.0810223
33 11 0.237578 0.050578
33 13 0.226066 0.088674
33 15 0.238726 0.118657
33 17 0.153481 0.0189833
33 19 0.206492 0.11565
33 21 0.193594 0.123276
33 23 0.107378 0.134384
33 25 0.17732 0.199762
33 27 0.138127 0.212988
33 29 0.180898 0.14257
33 31 0.240429 0.184382
33 33 0.139134 0.182198
33 35 0.111672 0.186647
33 37 0.182351 0.0993393
33 39 0.161782 0.0824783
33 41 0.109815 0.176248
33 43 0.0741487 0.175513
33 45 0.323413 0.374523
33 47 0 0
33 49 0.0891376 0.119703
33 51 0.0615874 0.178164
33 53 0.0292694 0.112941
33 55 0.0385631 0.182816
33 57 0.214015 0.243062
33 59 -0.119152 0.104464
35 -59 0.112118 -0.45203
35 -57 0.254936 -0.389918
35 -55 0.177843 -0.0240136
35 -53 0.0906922 -0.0295307
35 -51 0.114146 0.0191449
35 -49 0.130345 -0.162978
35 -47 0.181436 -0.118155
35 -45 0.0901655 -0.0904638
35 -43 0.200808 -0.262439
35 -41 0.121932 -0.0951224
35 -39 0.326222 -0.3355
35 -37 0.259555 -0.274822
35 -35 0.152731 -0.0970988
35 -33 0.155117 -0.06693
35 -31 0.209738 -0.188847
35 -29 0.126199 -0.031947
35 -27 0.108673 -0.117805
35 -25 0.166668 -0.186722
35 -23 0.0905933 -0.0500191
35 -21 0.285334 -0.139838
35 -19 0.184453 -0.0616008
35 -17 0.436028 -0.147685
35 -15 0.183389 -0.112306
35 -13 0.178128 -0.0381666
35 -11 0.327585 -0.133662
35 -9 0.236267 -0.046568
35 -7 0.288001 -0.0618862
35 -5 0.145992 0.0223977
35 -3 0.156392 -0.0393167
35 -1 0.335221 0.000609244
35 1 0.364984 0.0539193
35 3 0.228617 0.0147937
35 5 0.241812 0.0282133
35 7 0.206741 0.034788
35 9 0.2037 0.145326
35 11 0.204539 0.0522928
35 13 0.309737 0.124207
35 15 0.197217 0.0528705
35 17 0.228106 0.103424
35 19 0.335211 0.109166
35 21 0.245489 0.153846
35 23 0.198994 -0.00920137
35 25 0.234659 0.12808
35 27 0.0335235 0.173534
35 29 0.164222 0.00726658
35 31 0.252469 0.208985
35 33 0.231361 0.169509
35 35 0.260839 0.194595
35 37 0.332164 0.304407
35 39 0.117134 0.0900341
35 41 0.288119 0.280684
35 43 0.103513 0.184783
35 45 0.100327 0.0320824
35 47 0.189823 0.356059
35 49 0.0108429 0.0153475
35 51 0.236123 -0.0316646
35 53 0.213793 0.145931
35 55 0.0518209 0.116676
35 57 0.599468 0.687173
35 59 0.132733 0.253068
37 -59 0.0904457 -0.108263
37 -57 0.203346 -0.141361
37 -55 0.0584477 -0.0159492
37 -53 0.314674 -0.0216565
37 -51 0.195667 -0.236955
37 -49 0.0989595 -0.196126
37 -47 0.173272 -0.185993
37 -45 0.0160463 -0.336998
37 -43 0.143572 -0.0585957
37 -41 0.392617 -0.442924
37 -39 0.271626 -0.328733
37 -37 0.295633 -0.264557
37 -35 0.0803959 -0.0971014
37 -33 0.132417 -0.140748
37 -31 0.312535 -0.242303
37 -29 0.198137 -0.13276
37 -27 0.161692 -0.0800741
37 -25 0.199612 -0.178314
37 -23 0.359271 -0.241422
37 -21 0.223897 -0.117134
37 -19 0.552599 -0.176653
37 -17 0.246274 -0.124612
37 -15 0.36368 -0.129697
37 -13 0.236403 -0.135304
37 -11 0.203134 -0.0527582
37 -9 0.250947 -0.0537661
37 -7 0.289189 -0.0745225
37 -5 0.294288 -0.00674918
37 -3 0.117968 -0.0101462
37 -1 0.147882 0.0140578
37 1 0.150231 0.0083031
37 3 0.194572 -0.0492276
37 5 0.161357 0.0126847
37 7 0.202606 0.017349
37 9 0.353543 0.065143
37 11 0.19216 0.0243741
37 13 0.206676 0.046871
37 15 0.167311 0.0380546
37 17 0.0742882 0.0703758
37 19 0.138943 0.130009
37 21 0.185687 0.0243326
37 23 0.154827 0.0417073
37 25 0.165898 0.171563
37 27 0.246972 0.203573
37 29 0.174626 0.216415
37 31 0.239318 0.214946
37 33 0.283266 0.1592
37 35 0.0442801 0.207212
37 37 0.0939221 0.140116
37 39 0.261183 0.219462
37 41 0.149893 0.116872
37 43 0.160219 0.13022
37 45 0.0960341 0.119131
37 47 0.0555182 0.317907
37 49 0 0
37 51 0.107348 0.0505382
37 53 0 0
37 55 0.362231 0.192812
37 57 0.179085 0.282456
37 59 0.246224 0.324676
39 -59 0.314271 -0.495427
39 -57 0.0842636 -0.0849746
39 -55 0.411427 -0.622276
39 -53 0 0
39 -51 -0.017623 -0.124742
39 -49 0.0807099 -0.116998
39 -47 0.197996 -0.191563
39 -45 0.0987375 -0.0321822
39 -43 0.145014 -0.106252
39 -41 0.288951 -0.286627
39 -39 0.311595 -0.085163
39 -37 0.0940143 -0.0536648
39 -35 0.259785 -0.241067
39 -33 0.190635 -0.0956384
39 -31 0.232173 -0.121057
39 -29 0.134223 -0.189105
39 -27 0.250502 -0.190186
39 -25 0.214393 -0.0678931
39 -23 0.100998 -0.030105
39 -21 0.0718193 -0.0544713
39 -19 0.374982 -0.132261
39 -17 0.189579 -0.0635086
39 -15 0.18641 -0.0591752
39 -13 0.248398 -0.13566
39 -11 0.147192 -0.0409606
39 -9 0.212095 0.0137381
39 -7 0.147202 -0.0194373
39 -5 0.274155 -0.0232391
39 -3 0.107074 0.0491501
39 -1 0.210054 -0.00686437
39 1 0.308136 -0.0176174
39 3 0.238286 0.0138356
39 5 0.290177 0.0212573
39 7 0.18749 0.015877
39 9 0.248781 0.0952383
39 11 0.170614 0.132522
39 13 0.159283 0.0669238
39 15 0.23061 0.129927
39 17 0.291778 0.0695614
39 19 0.275234 0.132683
39 21 0.262606 0.149661
39 23 0.266631 0.186517
39 25 0.323088 0.105175
39 27 0.16012 0.129261
39 29 0.225128 0.171601
39 31 0.132726 0.0284588
39 33 0.229791 0.181687
39 35 0.239912 0.193818
39 37 0.556742 0.389516
39 39 0.10011 0.148092
39 41 0.139045 0.250552
39 43 -0.0360086 0.0550753
39 45 0.0717257 0.223025
39 47 0.080295 0.305474
39 49 0.156303 0.295307
39 51 0.0723907 0.244312
39 53 0.128246 0.188576
39 55 -0.002498 0.0553511
39 57 0.156259 0.227035
39 59 0.189763 0.146408
41 -59 0 0
41 -57 0 0
41 -55 0.16658 -0.117904
41 -53 0.108467 -0.238395
41 -51 0.302297 -0.41831
41 -49 0 0
41 -47 0.072112 0.0137794
41 -45 -0.0536122 -0.0690692
41 -43 0.318152 -0.279825
41 -41 0.203665 -0.20478
41 -39 0.354309 -0.14393
41 -37 0.151414 -0.109829
41 -35 0.193995 -0.126794
41 -33 0.200623 -0.175004
41 -31 0.0150104 -0.0612403
41 -29 0.109021 -0.0981987
41 -27 0.176763 -0.183415
41 -25 0.142167 -0.034644
41 -23 0.211602 -0.207442
41 -21 0.210326 -0.135324
41 -19 0.111136 -0.0247988
41 -17 0.179858 -0.0635379
41 -15 0.198144 -0.0271916
41 -13 0.298774 -0.0647737
41 -11 0.222016 -0.019929
41 -9 0.244024 -0.079112
41 -7 0.200989 -0.0229477
41 -5 0.286456 -0.0224568
41 -3 0.247934 0.0119136
41 -1 0.141576 0.0144528
41 1 0.116417 -0.00988801
41 3 0.186797 0.0427514
41 5 0.295865 -0.00352319
41 7 0.296403 -0.00100941
41 9 0.226461 0.0921396
41 11 0.277586 -0.0302156
41 13 0.294019 -0.0426824
41 15 0.220703 0.148476
41 17 0.200946 0.0723418
41 19 0.200979 0.089727
41 21 0.0927923 0.101816
41 23 0.0883852 0.0628976
41 25 0.139024 -0.101624
41 27 0.215474 0.102309
41 29 0.349797 0.125966
41 31 0.0942815 0.154348
41 33 0.0507776 0.0591186
41 35 0.0706735 0.0346724
41 37 0.146385 0.138957
41 39 0.256285 0.179335
41 41 0.22595 0.254899
41 43 0.282627 0.320294
41 45 0.069657 0.0588721
41 47 0.316448 0.00528914
41 49 0.049318 0.113993
41 51 0.0811812 0.153362
41 53 0.0558774 0.0830735
41 55 0.206901 0.147492
41 57 0.0116251 -0.124088
41 59 0 0
43 -59 0 0
43 -57 0 0
43 -55 0 0
43 -53 0.123698 -0.15798
43 -51 0.23692 -0.0189684
43 -49 0.185198 -0.140303
43 -47 0.046977 0.026038
43 -45 0.210531 -0.119055
43 -43 0 0
43 -41 0.177903 -0.192287
43 -39 0.202642 -0.153263
43 -37 0.274658 -0.225937
43 -35 0.0987518 -0.0938546
43 -33 0.139192 -0.0426303
43 -31 0.0932065 -0.0708564
43 -29 0.149929 -0.148628
43 -27 0.247339 -0.148336
43 -25 0.397612 -0.208758
43 -23 0.211727 -0.0846211
43 -21 0.206665 -0.0731424
43 -19 0.509623 -0.252625
43 -17 0.145895 -0.0636014
43 -15 0.227421 -0.0829807
43 -13 0.432223 -0.167859
43 -11 0.192616 -0.0899735
43 -9 0.302676 -0.0374511
43 -7 0.212945 -0.0848635
43 -5 0.113298 -0.0506223
43 -3 0.289104 0.0136514
43 -1 0.226722 -0.0102768
43 1 0.213532 0.00753868
43 3 0.233826 0.0103279
43 5 0.400179 0.00491899
43 7 0.323057 0.0114386
43 9 0.19907 0.0322607
43 11 0.217561 0.00094273
43 13 0.158447 0.0411197
43 15 0.548144 0.162178
43 17 0.217607 0.13414
43 19 0.289389 0.0472792
43 21 0.138794 0.0583031
43 23 0.47029 0.258423
43 25 0.391743 0.0705227
43 27 0.166105 -0.0883856
43 29 0.148575 0.153988
43 31 0.0529364 0.0247894
43 33 0.121001 0.110232
43 35 0 0
43 37 0.300493 0.115015
43 39 0.207913 0.177789
43 41 0.0868241 0.1327
43 43 0.121091 0.0345604
43 45 0.136544 0.26477
43 47 0.23241 0.356459
43 49 0.105344 0.232278
43 51 0.249742 0.239113
43 53 0 0
43 55 -0.0319445 0.125695
43 57 0.104367 0.151516
43 59 -0.0523038 -0.0643403
45 -59 -0.00768229 -0.0874229
45 -57 0.15698 -0.167405
45 -55 0.197338 -0.259165
45 -53 0.552397 -0.405662
45 -51 0.118052 -0.000518163
45 -49 0.19451 -0.320685
45 -47 0 0
45 -45 0.169156 -0.35204
45 -43 0.442435 -0.366252
45 -41 0.199519 -0.0688804
45 -39 0 0
45 -37 0.172445 -0.0688064
45 -35 0.615239 -0.538785
45 -33 0.137018 -0.20979
45 -31 0.350732 -0.319484
45 -29 0.318953 -0.126071
45 -27 0.251175 -0.0336441
45 -25 0.297578 -0.152503
45 -23 0.143966 -0.0408799
45 -21 0.146342 -0.0813314
45 -19 0.190367 -0.178035
45 -17 0.319153 -0.0576707
45 -15 0.0977143 -0.0235066
45 -13 0.208109 -0.116754
45 -11 0.282818 -0.116411
45 -9 0.19835 -0.088341
45 -7 0.387416 0.0868748
45 -5 0.208167 -0.063348
45 -3 0.157711 0.0342266
45 -1 0.210269 0.0565639
45 1 0.0200185 0.0367376
45 3 0.200379 -0.00113202
45 5 0.296499 0.0171317
45 7 0.0968822 0.0542939
45 9 0.368531 0.0219227
45 11 0.189378 -0.00642594
45 13 0.354765 0.144875
45 15 0.157922 0.0273705
45 17 -0.00561333 0.00401941
45 19 0.133238 0.248793
45 21 0.341556 0.0546649
45 23 0.190935 0.129513
45 25 0.316052 0.193904
45 27 0.239208 0.135858
45 29 0.246895 0.29117
45 31 0.0948858 0.0767142
45 33 0.0941356 0.0935997
45 35 0.0358827 0.0522719
45 37 0.232448 0.231871
45 39 0.350225 0.228117
45 41 0.00193934 0.0878546
45 43 0.235287 0.0696008
45 45 0 0
45 47 0 0
45 49 0.0843084 0.127195
45 51 0.0462361 0.127211
45 53 -0.00720613 -0.00217942
45 55 0.028074 0.122021
45 57 0.115132 -0.0784067
45 59 0.0482094 0.133782
47 -59 0.105831 -0.0739943
47 -57 0.376326 -0.228421
47 -55 0.161178 -0.095721
47 -53 0.11367 -0.225739
47 -51 0.101261 0.0766609
47 -49 0.00707554 -0.217676
47 -47 0.0996741 -0.0660493
47 -45 0.211156 -0.0658861
47 -43 0.420231 -0.363634
47 -41 0.154282 -0.0708617
47 -39 0.0328949 -0.146202
47 -37 0.21537 -0.103615
47 -35 0.444753 -0.339606
47 -33 0.219398 -0.374609
47 -31 0.109235 -0.0769803
47 -29 0.137352 -0.0567683
47 -27 0.240268 -0.0468507
47 -25 0.243295 -0.163823
47 -23 0.145933 -0.15864
47 -21 0.225611 -0.0823458
47 -19 0.179204 -0.117311
47 -17 0.37287 -0.129736
47 -15 0.282396 -0.0536238
47 -13 0.211741 -0.0370635
47 -11 0.326077 -0.083568
47 -9 0.30941 -0.0246543
47 -7 0.200829 0.0108911
47 -5 0.377689 -0.033265
47 -3 0.177641 0.0423966
47 -1 0.225979 0.00207014
47 1 0 0
47 3 0.394545 0.0864023
47 5 0.134357 -0.0310718
47 7 0.0772046 0.00785227
47 9 0.471827 0.106954
47 11 0.2648 0.0293881
47 13 0.212991 -0.0219342
47 15 0.271227 0.0760877
47 17 0.169233 0.000468936
47 19 0.306068 0.125737
47 21 0.106857 0.0123905
47 23 0.0451406 0.0623664
47 25 0.303603 0.103197
47 27 0 0
47 29 0.180475 0.136508
47 31 0.181827 0.0412841
47 33 0.0177713 -0.0552886
47 35 0.333655 0.061092
47 37 0.317068 0.10163
47 39 0 0
47 41 0.307339 0.0979786
47 43 0.1602 0.388482
47 45 0.138179 0.0996057
47 47 0.100281 0.116292
47 49 0.0301554 0.104515
47 51 0.131826 -0.0483473
47 53 0.286049 0.153326
47 55 0.170317 0.0829614
47 57 0.118923 0.13213
47 59 0.117359 0.0859682
49 -59 0 0
49 -57 0.115513 -0.0834908
49 -55 0.0584957 -0.0803415
49 -53 0.270936 -0.336734
49 -51 0.101052 -0.097424
49 -49 0.195695 -0.216646
49 -47 0.145372 -0.18021
49 -45 0.258567 -0.231885
49 -43 0.160822 -0.118561
49 -41 0.236094 -0.302001
49 -39 0.165742 -0.0994788
49 -37 0.217126 -0.124334
49 -35 0.147272 -0.121101
49 -33 0.0417458 -0.0615499
49 -31 0.143994 -0.165443
49 -29 0.137982 -0.178536
49 -27 0 0
49 -25 0.259224 -0.0782154
49 -23 0.305442 -0.294839
49 -21 0.215104 0.0301363
49 -19 -0.0413959 -0.0326211
49 -17 0.149713 -0.0536567
49 -15 0.144878 0.0248134
49 -13 0.132436 -0.102173
49 -11 0.117524 -0.0303232
49 -9 0.318395 -0.0698235
49 -7 0.226079 0.0263265
49 -5 0.28524 -0.0530767
49 -3 0.219358 0.0200639
49 -1 0.379239 0.0146652
49 1 0.154921 -0.153638
49 3 0.113684 0.0148831
49 5 0.102517 0.00525203
49 7 0.224025 -0.0232984
49 9 0.107932 -0.00916939
49 11 0.291513 0.0913208
49 13 0.167523 0.0370029
49 15 0.159991 0.0737947
49 17 0.0821721 0.0597881
49 19 0.261422 0.0672633
49 21 0.155858 0.119469
49 23 -0.0140916 0.0648044
49 25 0.277246 0.0745475
49 27 0.302098 0.176757
49 29 0.0894415 0.048545
49 31 0.321036 0.118364
49 33 0.205453 0.128621
49 35 0 0
49 37 0.244671 0.160862
49 39 0.213833 0.109438
49 41 0.172145 0.214087
49 43 0 0
49 45 0.416109 0.217265
49 47 0.26287 0.182633
49 49 0.344365 0.236193
49 51 0 0
49 53 0 0
49 55 0.0432457 0.0883818
49 57 0.224677 0.132188
49 59 0.160277 0.169101
51 -59 0.112228 -0.254808
51 -57 0 0
51 -55 -0.0891752 0.0112884
51 -53 0.269094 -0.277679
51 -51 0.190461 -0.195917
51 -49 0.344411 -0.1667
51 -47 0.024633 -0.216504
51 -45 0.215144 -0.0509097
51 -43 0.109757 -0.17494
51 -41 -0.0214133 0.0443478
51 -39 0.168671 -0.0384266
51 -37 0.25602 0.0549292
51 -35 0.010121 -0.102767
51 -33 0.556734 -0.314723
51 -31 0.267649 0.0840519
51 -29 0.225159 -0.0494469
51 -27 0.214698 -0.350273
51 -25 0 0
51 -23 0.0715997 -0.0602396
51 -21 0.227208 -0.112598
51 -19 0.0305631 -0.021979
51 -17 0.121994 0.0203993
51 -15 0.177096 -0.0626837
51 -13 0.267544 -0.110476
51 -11 0.228507 -0.0887372
51 -9 -0.0356579 0.0113988
51 -7 0.262219 -0.0279906
51 -5 0.281998 -0.0311707
51 -3 0.193634 -0.00126107
51 -1 0.211482 -0.0472849
51 1 0.0253854 0.046271
51 3 0.471375 -0.0672742
51 5 0.182285 0.0256744
51 7 0.239642 0.0648277
51 9 0.0888673 0.0262745
51 11 0.266124 0.0301598
51 13 0.307466 0.00884955
51 15 0.174095 -0.0249083
51 17 0.139296 0.152438
51 19 0.535534 0.311107
51 21 0.0387721 0.0713474
51 23 0.360428 0.0962281
51 25 0.249514 0.14932
51 27 0.038507 -0.0598226
51 29 0.260187 0.0662855
51 31 0.434869 0.141951
51 33 0.0722633 0.109224
51 35 0.16389 0.116609
51 37 0.457844 0.38954
51 39 0.0984468 -0.0561568
51 41 0.102591 0.125243
51 43 0.146917 0.155524
51 45 0.125808 -0.0153022
51 47 0.167315 0.0335069
51 49 0.331667 0.316415
51 51 0 0
51 53 0.168154 0.232805
51 55 0 0
51 57 0.0850928 0.136649
51 59 0.0698422 0.0359828
53 -59 0.8537 -1.09131
53 -57 0.225026 -0.107926
53 -55 0 0
53 -53 0.108546 -0.0513833
53 -51 0 0
53 -49 0.0573582 -0.146127
53 -47 0.19839 -0.139968
53 -45 0.0487724 -0.150146
53 -43 0.20901 -0.21774
53 -41 0 0
53 -39 0.369494 -0.274323
53 -37 0.344378 -0.159705
53 -35 0.399412 -0.248927
53 -33 0.467317 -0.272345
53 -31 0.375596 -0.213618
53 -29 0.173256 -0.0222482
53 -27 0.162868 -0.0699882
53 -25 0.197299 -0.0401256
53 -23 0.255288 -0.313449
53 -21 0.252877 -0.08949
53 -19 -0.00278317 -0.013971
53 -17 0.278592 -0.102268
53 -15 0.07449 -0.0465821
53 -13 0.119107 0.0144525
53 -11 0.267585 -0.0276052
53 -9 0 0
53 -7 0.173379 -0.0744404
53 -5 0.0785393 0.0490108
53 -3 0.446724 -0.0111985
53 -1 0.198929 0.0097468
53 1 0.219535 0.0107632
53 3 0.214462 0.039658
53 5 0.123752 0.100378
53 7 0.345654 0.0960349
53 9 0.16794 -0.0829713
53 11 0.21356 -0.034329
53 13 0.311779 -0.00589188
53 15 -0.0467435 -0.02462
53 17 0.0946495 0.0530192
53 19 0.362606 0.115107
53 21 0.2773 0.0655197
53 23 0.353624 0.248059
53 25 0.302558 0.0777927
53 27 0.0397678 -0.0174497
53 29 0 0
53 31 0.128712 0.0793477
53 33 0.563404 0.221264
53 35 -0.182114 0.18862
53 37 0.312416 0.15402
53 39 0.297505 0.0653149
53 41 0 0
53 43 -0.122859 -0.0689496
53 45 0.0292149 0.13847
53 47 0.147201 0.090156
53 49 0.259951 0.0453914
53 51 0.2023 0.251832
53 53 0.0983367 0.136261
53 55 0.0613132 0.100105
53 57 0.00109064 0.200237
53 59 0 0
55 -59 0 0
55 -57 0.269698 -0.192146
55 -55 0 0
55 -53 0.190618 -0.0665851
55 -51 -0.0817272 0.0206117
55 -49 0.225995 -0.331214
55 -47 0.0988531 -0.030055
55 -45 0.238804 -0.231812
55 -43 0.0526061 -0.0983187
55 -41 0 0
55 -39 0 0
55 -37 0.221442 -0.0402859
55 -35 0 0
55 -33 0.22804 -0.174888
55 -31 0.393748 -0.145975
55 -29 0 0
55 -27 0.581501 -0.395444
55 -25 0.106692 -0.0640823
55 -23 0.190199 0.000104656
55 -21 0.527584 -0.180051
55 -19 0.165281 -0.0880432
55 -17 0.183568 0.0946866
55 -15 0.179186 -0.0483861
55 -13 0.144389 -0.115643
55 -11 0.153634 -0.0563213
55 -9 0.190885 -0.0400446
55 -7 0.221528 0.017145
55 -5 0.393228 -0.0719161
55 -3 0.182742 -0.0178964
55 -1 0.169801 -0.0560923
55 1 0.323001 -0.0461567
55 3 0.0826268 0.0666644
55 5 0.179307 -0.0732564
55 7 0.119408 -0.0338928
55 9 0.296739 -0.0563015
55 11 0.0980118 0.101219
55 13 0.342432 0.0822692
55 15 0.243651 0.107039
55 17 0.0295928 -0.0118935
55 19 0.22624 0.0162698
55 21 0.217656 0.0665302
55 23 0 0
55 25 0.1003 0.101687
55 27 0.103698 0.177518
55 29 0.19571 0.209927
55 31 0.107321 -0.0346607
55 33 0.110254 0.0502776
55 35 0.368042 0.247894
55 37 0.132535 0.165582
55 39 0.211681 0.111219
55 41 0.121258 0.027951
55 43 0.195347 0.0160135
55 45 0.0382263 0.0846501
55 47 -0.0254524 0.251755
55 49 0.44318 -0.108629
55 51 0.132725 0.0246066
55 53 0.0856533 0.101582
55 55 0.397539 0.152911
55 57 0.120452 0.0847403
55 59 0.0097264 0.143931
57 -59 0.361799 -0.165192
57 -57 0.131962 -0.153987
57 -55 0.0611929 0.0924527
57 -53 0 0
57 -51 0.216366 -0.105235
57 -49 0 0
57 -47 0 0
57 -45 0.307385 -0.322891
57 -43 0.0618804 -0.0981278
57 -41 0 0
57 -39 0.215183 -0.293233
57 -37 0.185406 -0.0672332
57 -35 0.280881 -0.143944
57 -33 0.168979 0.0499771
57 -31 0.0342183 0.0262915
57 -29 0.29613 -0.0827544
57 -27 0.187622 -0.13198
57 -25 0.116854 0.00277346
57 -23 0.320419 -0.0376148
57 -21 0 0
57 -19 0.133188 -0.0894563
57 -17 0.216739 -0.105354
57 -15 0.150878 -0.0645539
57 -13 0.202231 -0.105742
57 -11 0.19751 -0.100149
57 -9 0.108781 -0.048719
57 -7 0.0832741 -0.0465339
57 -5 0.454587 -0.0416438
57 -3 0.631537 -0.0650411
57 -1 0.515343 0.0976333
57 1 0.331342 0.0473627
57 3 0.256476 0.163873
57 5 0.418804 -0.0560703
57 7 0.088534 0.0232988
57 9 0.395564 0.156724
57 11 0.440724 0.0687003
57 13 0.323336 0.143977
57 15 0.224506 0.0306333
57 17 0.0191915 -0.14129
57 19 0.115007 0.0153668
57 21 0.314329 -0.0379287
57 23 0 0
57 25 0.123676 0.0852794
57 27 0.284699 0.20866
57 29 0.257745 0.0895387
57 31 0 0
57 33 0.223949 0.267404
57 35 0.403795 0.311036
57 37 0.141957 0.123148
57 39 0.363544 0.185135
57 41 -0.00641308 0.124117
57 43 0.412425 0.0646452
57 45 0.101791 0.126381
57 47 0.156271 0.0846629
57 49 0.209883 0.138459
57 51 0.108191 0.13374
57 53 0.186845 0.182832
57 55 0.187056 -0.0297856
57 57 0.194139 0.0526793
57 59 0 0
59 -59 0.132009 0.0543085
59 -57 -0.0326946 0.150002
59 -55 0.678724 -0.356293
59 -53 0.47445 -0.0654364
59 -51 0.169598 -0.0519936
59 -49 0.0338279 -0.122544
59 -47 0.159255 -0.153137
59 -45 0.354839 -0.265371
59 -43 0.0275576 -0.173649
59 -41 0 0
59 -39 0.179731 -0.127315
59 -37 0.157896 -0.102019
59 -35 0.280119 -0.0865814
59 -33 0.184357 -0.135332
59 -31 0.156318 -0.0591419
59 -29 0.261207 -0.227444
59 -27 0.535328 -0.172441
59 -25 0.334527 -0.0347381
59 -23 0.292854 -0.0708074
59 -21 0.648953 -0.272528
59 -19 0.0728704 -0.0016375
59 -17 0.0424389 0.0271101
59 -15 0.170991 -0.0202484
59 -13 0.15748 -0.0335169
59 -11 0.206973 -0.0290678
59 -9 0.110108 0.0303212
59 -7 0.206598 -0.17145
59 -5 0.359626 0.0861066
59 -3 0.159468 0.0510035
59 -1 0.280955 -0.0473913
59 1 0.334666 0.0563059
59 3 0.0847996 -0.0117478
59 5 0.11052 0.0601733
59 7 0.110141 -0.0159802
59 9 0.0984247 -0.0860391
59 11 0.463445 0.0186252
59 13 0.449212 0.0844017
59 15 0.111185 0.180615
59 17 0.101616 -0.0880458
59 19 0.174078 0.0754013
59 21 0.231286 0.141871
59 23 0.381925 0.15496
59 25 0.48852 0.210422
59 27 0.312295 0.0369518
59 29 0.0266368 0.0738202
59 31 0.248357 -0.0598228
59 33 0.185206 0.184578
59 35 0.211608 0.22671
59 37 0 0
59 39 0.265362 0.232476
59 41 0.113431 0.0446124
59 43 0 0
59 45 0.322756 0.507055
59 47 0.158522 0.0538961
59 49 0 0
59 51 0 0
59 53 0 0
59 55 0.146271 0.0828798
59 57 0 0
59 59 0.21921 0.239893
