-59 -59 -0.0790319 -0.102716
-59 -57 -0.182777 -0.0326808
-59 -55 -0.0559168 -0.0263682
-59 -51 -0.0352144 0.0424823
-59 -49 -0.284176 -0.267078
-59 -47 -0.174725 -0.330034
-59 -45 -0.265532 -0.306209
-59 -43 -0.0903293 -0.141628
-59 -41 -0.324118 -0.29217
-59 -39 -0.138427 -0.0921648
-59 -37 -0.182636 -0.106235
-59 -35 -0.0378128 -0.109728
-59 -33 -0.0472728 0.0873198
-59 -31 -0.0627567 -0.057111
-59 -29 -0.0908584 -0.0960499
-59 -27 -0.0910712 -0.013616
-59 -25 -0.246746 -0.111647
-59 -21 -0.204476 0.0408982
-59 -17 -0.304701 -0.0209197
-59 -15 -0.159477 0.0245268
-59 -13 -0.323769 0.0111619
-59 -11 -0.528567 -0.122978
-59 -9 -0.557861 -0.268455
-59 -7 -0.0569367 -0.0367279
-59 -5 -0.21525 -0.0824591
-59 -3 -0.22679 0.0187388
-59 -1 -0.0965503 -0.0202236
-59 1 -0.0983062 0.00894194
-59 3 -0.361335 0.0133426
-59 5 -0.329691 0.0292014
-59 7 -0.187927 0.0964075
-59 9 -0.0844997 0.0366734
-59 11 -0.134446 0.148891
-59 13 -0.265305 0.00286969
-59 15 -0.0525747 -0.00940964
-59 17 -0.291053 0.143834
-59 19 -0.446518 0.263926
-59 21 -0.13006 0.14033
-59 23 -0.090785 0.268062
-59 25 -0.210736 0.0629457
-59 27 -0.21666 0.198176
-59 29 -0.0942736 0.00778297
-59 31 -0.35575 0.267073
-59 35 -0.329822 0.211747
-59 37 -0.21923 0.164401
-59 39 -0.00270096 0.133073
-59 41 -0.0659261 0.0837527
-59 43 -0.11326 0.149247
-59 45 0.0889655 0.111072
-59 47 -0.264755 0.122569
-59 49 -0.63643 0.562334
-59 51 -0.144237 0.315092
-59 53 0.0917988 0.065673
-59 57 -0.191338 0.179503
-59 59 0.0102959 0.0564772
-57 -59 -0.0926635 -0.11906
-57 -57 -0.228004 -0.237303
-57 -55 -0.454428 -0.410186
-57 -51 -0.265459 -0.247493
-57 -49 -0.60641 -0.449578
-57 -47 -0.420658 -0.0340577
-57 -45 -0.21685 -0.194373
-57 -43 -0.0304915 -0.00706985
-57 -41 -0.134554 -0.108706
-57 -39 -0.222896 -0.101486
-57 -37 -0.159722 -0.0350642
-57 -35 0.184703 0.160181
-57 -33 -0.153965 -0.146696
-57 -31 -0.154073 0.00595973
-57 -29 -0.0646244 -0.172368
-57 -27 -0.117047 -0.100383
-57 -25 -0.405562 -0.0778399
-57 -23 -0.108261 0.00176448
-57 -21 -0.325329 -0.117341
-57 -19 -0.310993 -0.0323476
-57 -17 -0.153155 0.0314827
-57 -15 -0.204779 -0.0224565
-57 -13 -0.185201 -0.100416
-57 -11 -0.0994801 0.0601202
-57 -9 -0.256533 -0.115078
-57 -7 -0.169948 -0.0891039
-57 -5 -0.110898 -0.00151992
-57 -3 -0.0883045 0.0437984
-57 -1 -0.0786077 0.0167729
-57 1 -0.246162 -0.0605076
-57 3 -0.361419 0.0848199
-57 5 -0.227477 0.0178713
-57 7 -0.338849 0.0896422
-57 9 -0.24388 0.0614744
-57 11 -0.0859824 0.0187182
-57 13 -0.348398 0.169699
-57 15 -0.416142 0.113712
-57 17 -0.24193 0.0805747
-57 19 -0.208082 0.0530717
-57 21 0.0340358 -0.063544
-57 23 -0.286333 0.0767456
-57 25 -0.234256 0.0753321
-57 27 -0.190924 0.0797969
-57 31 -0.0780654 0.0503839
-57 33 -0.224179 0.125664
-57 35 -0.180293 -0.0735463
-57 37 -0.222991 0.139702
-57 39 -0.200936 0.0872791
-57 41 -0.103369 0.0818793
-57 43 -0.0683707 -0.00574683
-57 45 -0.0474124 0.0787765
-57 47 -0.145203 0.154124
-57 49 -0.0862993 0.0939829
-57 53 -0.251502 0.218289
-57 55 -0.081146 0.0836553
-57 57 -0.124213 0.0607763
-55 -59 -0.345885 -0.789547
-55 -57 -0.0609484 -0.00691499
-55 -55 -0.18316 -0.272983
-55 -53 -0.18832 -0.211018
-55 -51 -0.127191 -0.2623
-55 -49 -0.0773756 -0.0701536
-55 -47 -0.025694 -0.354815
-55 -45 -0.211171 -0.197202
-55 -43 -0.295438 -0.178806
-55 -41 -0.164079 -0.0451843
-55 -39 -0.182223 -0.122551
-55 -37 -0.166751 -0.0188933
-55 -35 -0.338524 -0.273382
-55 -31 -0.139007 -0.029358
-55 -29 -0.847775 -0.523135
-55 -27 0.0241797 0.0263277
-55 -25 -0.161627 -0.0372874
-55 -23 -0.147597 -0.0329711
-55 -21 -0.446087 -0.207444
-55 -19 -0.310752 -0.0618363
-55 -17 -0.171234 -0.0704728
-55 -15 -0.333791 -0.0354538
-55 -13 -0.290146 -0.00615292
-55 -11 -0.108622 -0.113797
-55 -9 -0.266477 -0.00773433
-55 -7 -0.239048 -0.0555243
-55 -5 -0.202529 0.0516532
-55 -3 -0.202219 -0.00632939
-55 -1 -0.371332 -0.088298
-55 1 -0.310223 0.026655
-55 3 -0.246474 0.0214345
-55 5 -0.256085 0.00245609
-55 7 -0.194097 -0.0479035
-55 9 -0.336923 0.0444574
-55 11 -0.168461 0.0394993
-55 13 -0.0826942 0.097608
-55 15 -0.151538 -0.0458293
-55 19 -0.0715695 0.0174999
-55 21 -0.209653 0.104033
-55 23 -0.0328534 -0.0532567
-55 25 -0.130192 0.0416618
-55 27 -0.0432633 0.0874316
-55 29 -0.0725863 0.0173705
-55 31 -0.00866484 -0.00869869
-55 33 -0.0972299 0.0552577
-55 35 -0.109225 0.146238
-55 37 -0.103668 0.123468
-55 39 -0.217945 0.0599849
-55 41 -0.214179 0.082941
-55 43 -0.193781 0.071611
-55 45 -0.145056 0.0508201
-55 47 0.0198414 0.136386
-55 49 -0.101337 0.070289
-55 51 -0.228917 -0.0525222
-55 53 -0.226613 0.245274
-55 55 -0.0378871 -0.0781364
-55 59 -0.0641963 -0.0429517
-53 -59 0.0583196 -0.167513
-53 -57 -0.231898 -0.0945134
-53 -55 -0.0604094 -0.127751
-53 -53 -0.0294458 -0.0383075
-53 -51 -0.000831026 -0.0300323
-53 -49 -0.547944 -0.160651
-53 -47 -0.157647 -0.104625
-53 -45 -0.734604 -0.526366
-53 -43 -0.295851 -0.241821
-53 -41 -0.197049 -0.216848
-53 -39 -0.252073 -0.131897
-53 -37 -0.305587 -0.0943059
-53 -35 -0.231648 -0.219084
-53 -33 -0.298928 0.11512
-53 -31 -0.360582 -0.15748
-53 -29 -0.0634922 -0.057078
-53 -27 -0.257847 -0.157614
-53 -25 -0.365997 -0.128107
-53 -23 -0.122894 -0.0538205
-53 -21 -0.237771 -0.0652018
-53 -19 -0.288803 -0.118412
-53 -17 -0.296925 -0.106797
-53 -15 -0.319408 -0.258767
-53 -13 -0.163993 -0.0585394
-53 -11 -0.0726409 -0.0727413
-53 -9 -0.0329809 0.0322243
-53 -7 -0.371863 -0.0487781
-53 -5 -0.106171 -0.0644764
-53 -3 -0.295282 0.00916527
-53 -1 -0.27714 -0.0640807
-53 1 -0.227187 0.062078
-53 3 -0.100476 0.00192074
-53 5 -0.205169 0.00175928
-53 7 -0.253882 0.0299777
-53 9 -0.251369 0.0705625
-53 11 -0.411306 0.0531922
-53 13 -0.117519 0.0664159
-53 15 -0.261494 0.0534522
-53 17 -0.236113 0.10939
-53 19 -0.197011 0.13079
-53 21 -0.174633 0.0913321
-53 23 -0.253339 0.10084
-53 25 -0.231859 0.054996
-53 27 0.0377932 0.0518197
-53 29 -0.246227 -0.0117702
-53 31 -0.313516 0.325411
-53 33 -0.166739 0.18432
-53 35 -0.198792 0.153588
-53 37 -0.385631 0.300547
-53 39 -0.145587 -0.0127509
-53 45 -0.184829 0.147561
-53 47 -0.188551 0.264824
-53 49 -0.333639 0.223498
-53 51 -0.158713 0.179384
-53 53 -0.0578472 0.247264
-53 55 -0.0337543 0.0321451
-53 57 -0.110055 0.101431
-53 59 -0.106034 0.131869
-51 -55 0.0385776 -0.128498
-51 -53 -0.284512 -0.226146
-51 -51 -0.112505 -0.0666039
-51 -49 0.0113052 0.00385069
-51 -47 -0.299137 -0.177398
-51 -45 -0.107196 -0.082103
-51 -43 -0.199314 0.000974868
-51 -41 -0.160504 -0.126352
-51 -39 -0.0736099 -0.062717
-51 -37 -0.298974 -0.135786
-51 -35 -0.167251 -0.296895
-51 -33 -0.397718 -0.204763
-51 -31 -0.121081 -0.0625333
-51 -29 -0.235191 -0.390597
-51 -27 -0.133602 -0.0685953
-51 -25 -0.121534 -0.0523812
-51 -23 -0.199413 -0.0519301
-51 -21 -0.19561 0.0149591
-51 -19 -0.0854462 -0.0351339
-51 -17 -0.270524 -0.0634901
-51 -15 -0.361657 -0.0868599
-51 -13 -0.34828 -0.0417313
-51 -11 -0.291706 -0.06471
-51 -9 -0.299153 -0.0504185
-51 -7 -0.180815 -0.000171039
-51 -5 -0.294736 -0.0127288
-51 -3 -0.419983 0.0287541
-51 -1 -0.349457 0.000623851
-51 1 -0.193895 0.0377448
-51 3 -0.269367 -0.00991798
-51 5 -0.129104 -0.00546542
-51 7 -0.119727 0.0301504
-51 9 -0.185597 0.0744288
-51 11 -0.437257 0.0884141
-51 13 -0.145935 -0.00990685
-51 15 -0.195569 0.0390087
-51 17 -0.269708 0.0763758
-51 19 -0.57931 0.209429
-51 21 -0.137467 0.0750853
-51 23 -0.294453 0.0324147
-51 25 -0.123904 0.0521601
-51 27 -0.23192 0.138179
-51 29 -0.112425 0.0504512
-51 31 -0.096119 0.174158
-51 33 0.0180523 0.10385
-51 35 -0.194332 0.0627922
-51 37 -0.155758 0.0387481
-51 39 -0.169864 0.117887
-51 41 -0.170963 0.140091
-51 43 -0.182205 0.170445
-51 45 0.120371 -0.149319
-51 47 -0.195866 0.13218
-51 51 -0.215367 0.134821
-51 53 -0.259158 0.190738
-51 55 0.152766 -0.125417
-49 -59 -0.0325796 -0.0482834
-49 -57 -0.162966 -0.0833754
-49 -55 -0.174291 -0.1283
-49 -53 -0.199328 -0.0964698
-49 -51 -0.333633 -0.400814
-49 -49 -0.154722 -0.0715629
-49 -47 -0.255848 -0.131776
-49 -45 -0.0955267 -0.168911
-49 -43 -0.207984 -0.18984
-49 -41 -0.1164 -0.094044
-49 -39 0.00346263 -0.0841572
-49 -37 -0.110618 -0.113156
-49 -35 -0.289706 -0.168796
-49 -33 -0.225456 -0.200332
-49 -31 -0.237837 -0.182758
-49 -29 -0.334387 -0.18311
-49 -27 -0.112821 -0.0631117
-49 -25 -0.174494 0.00941622
-49 -23 -0.169837 -0.0581715
-49 -21 -0.377754 -0.194114
-49 -19 -0.0363064 0.000824603
-49 -17 -0.222724 -0.0801486
-49 -15 -0.374565 -0.0894185
-49 -13 -0.224736 -0.0953999
-49 -11 -0.0964051 -0.029171
-49 -9 -0.134256 -0.0479383
-49 -7 -0.219883 -0.0508808
-49 -5 -0.237108 -0.024687
-49 -3 -0.163443 0.00202654
-49 -1 -0.200534 -0.0268165
-49 1 -0.0270493 0.139019
-49 3 -0.127776 0.0665787
-49 5 -0.304418 0.100774
-49 7 -0.267642 -0.0151222
-49 9 -0.230904 0.0601055
-49 11 -0.16388 0.0366787
-49 13 -0.161431 0.0908793
-49 15 -0.296919 0.115083
-49 17 -0.321501 0.146225
-49 19 -0.242166 0.105095
-49 21 -0.174027 0.0817429
-49 23 -0.288112 0.207248
-49 25 -0.14756 0.0543713
-49 27 -0.0672524 0.13763
-49 29 -0.0479378 0.247377
-49 31 -0.153668 0.0679571
-49 33 -0.0638482 0.079637
-49 35 -0.410653 0.283021
-49 37 -0.100376 0.0780649
-49 39 -0.081498 0.20777
-49 41 -0.179937 0.141635
-49 43 -0.0850888 0.17464
-49 45 -0.263466 0.238073
-49 49 -0.0682844 0.0934213
-49 51 -0.0425123 0.112662
-49 55 -0.0355755 0.175073
-49 59 -0.325379 0.244198
-47 -59 0.015421 -0.087431
-47 -57 -0.0175475 -0.162956
-47 -55 -0.0629338 -0.000711505
-47 -51 -0.209345 -0.165302
-47 -49 -0.161037 -0.316849
-47 -47 -0.16433 -0.14559
-47 -45 -0.180537 -0.244693
-47 -43 0.0429811 0.0286733
-47 -41 -0.124015 -0.125406
-47 -37 -0.216749 -0.125172
-47 -35 -0.31155 -0.206889
-47 -33 -0.0909161 -0.143001
-47 -31 -0.160978 -0.201887
-47 -29 -0.2416 -0.149561
-47 -27 -0.168279 -0.127814
-47 -25 -0.176596 -0.20106
-47 -23 -0.241232 -0.120189
-47 -21 -0.186941 -0.16619
-47 -19 -0.292517 -0.152859
-47 -17 -0.224026 -0.0498121
-47 -15 -0.102752 -0.0707
-47 -13 -0.236778 -0.0222744
-47 -11 -0.2536 -0.0837131
-47 -9 -0.109744 -0.0505543
-47 -7 -0.314516 -0.0448793
-47 -5 -0.152344 0.0407095
-47 -3 -0.156791 -0.0291902
-47 -1 -0.0944116 -0.0424833
-47 1 -0.206282 -0.0080174
-47 3 -0.234791 0.00641972
-47 5 -0.124891 0.011207
-47 7 -0.128929 0.0407315
-47 9 -0.295576 0.0700699
-47 11 -0.109152 -0.0262033
-47 13 -0.260572 0.0722761
-47 15 -0.184137 0.0554357
-47 17 -0.183369 0.12308
-47 19 -0.157124 0.0748667
-47 21 -0.286747 0.162321
-47 23 -0.146129 0.106115
-47 25 -0.228836 0.139514
-47 27 -0.110674 0.170963
-47 29 -0.202481 0.0437214
-47 31 -0.0666224 0.111316
-47 33 -0.0706434 0.0344704
-47 35 -0.180788 0.203969
-47 37 -0.248683 0.20262
-47 39 -0.0835403 0.0188322
-47 41 -0.327999 0.183274
-47 43 0.0858695 0.0482467
-47 45 -0.155134 0.22788
-47 47 -0.312493 0.342423
-47 49 -0.0907273 0.12786
-47 51 -0.0987854 0.0741776
-47 55 0.0238378 0.321852
-47 57 -0.214877 0.335086
-47 59 -0.211767 0.0771401
-45 -57 -0.0927128 0.0746435
-45 -55 -0.19643 -0.19512
-45 -53 -0.269298 -0.0415614
-45 -49 -0.136598 -0.212004
-45 -47 -0.0263254 -0.0531984
-45 -45 -0.0652584 -0.0996503
-45 -43 -0.250704 0.0873357
-45 -41 -0.279797 -0.162022
-45 -39 -0.186912 -0.208467
-45 -37 -0.0899609 -0.0865128
-45 -35 -0.229536 -0.277142
-45 -33 -0.208094 -0.294283
-45 -31 -0.0739132 -0.0791533
-45 -29 -0.325283 -0.0340467
-45 -27 -0.211266 0.025938
-45 -25 -0.25256 -0.154566
-45 -23 -0.263949 -0.0986824
-45 -21 -0.0129952 -0.0155557
-45 -19 0.00889739 -0.00900764
-45 -17 -0.228621 -0.109903
-45 -15 -0.0934411 -0.173407
-45 -13 -0.154949 -0.0437164
-45 -11 -0.164585 -0.0655116
-45 -9 -0.221877 -0.0855163
-45 -7 -0.25859 0.00465643
-45 -5 -0.345086 -0.0397188
-45 -3 -0.349818 -0.0885009
-45 -1 -0.159864 -0.0194325
-45 1 -0.131522 -0.0281707
-45 3 -0.299792 0.0219084
-45 5 -0.0915644 0.0491984
-45 7 -0.105346 0.0673493
-45 9 -0.244068 0.0493326
-45 11 -0.224128 0.116604
-45 13 -0.211138 0.0255061
-45 15 -0.12616 0.0599291
-45 17 -0.278818 0.135136
-45 19 -0.181268 0.097938
-45 21 -0.355437 0.0743871
-45 23 -0.137318 0.101079
-45 25 -0.205591 0.0898019
-45 27 -0.145938 0.119504
-45 29 -0.153626 0.168244
-45 31 -0.187718 0.0786765
-45 33 -0.270106 0.27589
-45 35 -0.0885602 0.0392308
-45 37 -0.184905 0.224532
-45 39 -0.249398 0.101619
-45 41 -0.222646 0.148613
-45 43 -0.0568008 0.0884221
-45 45 -0.202251 0.153567
-45 47 -0.0342191 0.0866239
-45 49 -0.059234 0.0105176
-45 51 -0.0295 -0.0244604
-45 53 -0.105304 0.229866
-45 55 -0.22584 0.230831
-45 57 -0.121518 0.170931
-45 59 -0.309828 0.418577
-43 -59 -0.176884 -0.0457109
-43 -57 -0.0831407 -0.24873
-43 -55 -0.10626 -0.0974731
-43 -53 -0.0887991 0.0449554
-43 -51 -0.218575 -0.313475
-43 -49 -0.230088 -0.284775
-43 -47 -0.261216 -0.278316
-43 -45 -0.0121383 -0.0128792
-43 -43 -0.0202165 -0.108979
-43 -41 0.0535526 -0.0484245
-43 -39 -0.150658 -0.0361729
-43 -37 -0.355106 -0.214954
-43 -35 -0.132186 -0.13457
-43 -33 -0.295934 -0.192304
-43 -31 -0.0191414 -0.0357523
-43 -29 -0.2144 -0.117659
-43 -27 -0.265809 -0.0692121
-43 -25 -0.0978104 -0.0904736
-43 -23 -0.179048 -0.151583
-43 -21 -0.236029 -0.137218
-43 -19 -0.37711 -0.155441
-43 -17 -0.246501 -0.0468673
-43 -15 -0.172978 -0.0172845
-43 -13 -0.21594 -0.100709
-43 -11 -0.29777 -0.0979016
-43 -9 -0.228466 -0.0763957
-43 -7 -0.239996 -0.0221434
-43 -5 -0.21254 -0.0335172
-43 -3 -0.213143 0.0150989
-43 -1 -0.16702 -0.0279976
-43 1 -0.236446 0.0255634
-43 3 -0.30925 0.0195161
-43 5 -0.159204 -0.0163204
-43 7 -0.146677 0.00518664
-43 9 -0.234877 0.050886
-43 11 -0.173929 0.0631507
-43 13 -0.306235 0.0621258
-43 15 -0.178727 0.110556
-43 17 -0.266411 0.11098
-43 19 -0.145584 0.0232773
-43 21 -0.386515 0.130772
-43 23 -0.312458 0.11375
-43 25 -0.054795 0.0595338
-43 27 -0.277683 0.174668
-43 29 -0.173928 0.127066
-43 31 -0.170221 0.143191
-43 33 -0.0486703 0.110263
-43 35 -0.436531 0.13555
-43 37 0.117218 0.00209371
-43 39 -0.156559 0.199459
-43 41 -0.0667303 0.0973446
-43 43 -0.448742 0.264817
-43 45 -0.0248366 -0.0023228
-43 47 -0.260209 0.403373
-43 49 -0.036572 0.0669626
-43 51 -0.256153 0.37873
-43 53 -0.10132 0.163047
-43 55 -0.084676 0.12932
-43 57 -0.216925 0.289406
-43 59 -0.243348 0.264803
-41 -59 -0.0225675 0.0222474
-41 -57 0.114368 -0.0141535
-41 -55 0.0100037 -0.0118829
-41 -51 -0.268627 -0.258874
-41 -49 0.0370626 -0.0376319
-41 -47 -0.0344357 -0.119732
-41 -45 -0.212467 -0.0731431
-41 -43 -0.120134 -0.100564
-41 -41 -0.0949717 -0.0972847
-41 -39 -0.201242 -0.192178
-41 -37 -0.197427 -0.204861
-41 -35 -0.150909 -0.157425
-41 -33 -0.0119113 -0.00955052
-41 -31 -0.0646452 -0.00476753
-41 -29 -0.233116 -0.176449
-41 -27 -0.165673 -0.0402652
-41 -25 -0.161034 -0.0877729
-41 -23 -0.378383 -0.179905
-41 -21 -0.261278 -0.136865
-41 -19 -0.36807 -0.165884
-41 -17 -0.260265 -0.0943232
-41 -15 -0.26615 -0.0971094
-41 -13 -0.206271 -0.0371632
-41 -11 -0.217707 -0.0412693
-41 -9 -0.15969 -0.0457136
-41 -7 -0.257085 -0.0139662
-41 -5 -0.2342 -0.0332831
-41 -3 -0.251593 -0.0143985
-41 -1 -0.301334 0.0147259
-41 1 -0.241539 -0.00983928
-41 3 -0.362115 -0.0102321
-41 5 -0.309393 0.0248872
-41 7 -0.25188 0.00849178
-41 9 -0.00536225 -0.010379
-41 11 -0.215839 0.0456361
-41 13 -0.176977 0.0743652
-41 15 -0.280456 0.101568
-41 17 -0.223186 0.0828095
-41 19 -0.156608 0.138186
-41 21 -0.222754 0.090386
-41 23 -0.290991 0.121833
-41 25 -0.108426 0.09557
-41 27 -0.157514 0.079714
-41 29 -0.177064 0.109307
-41 31 -0.252893 0.248952
-41 33 -0.166798 0.152442
-41 35 -0.160292 0.180538
-41 37 -0.114175 0.163565
-41 39 -0.267679 0.208075
-41 41 -0.0543884 0.0451804
-41 43 -0.216286 0.248116
-41 45 -0.0904607 0.192953
-41 47 -0.223958 0.212862
-41 49 -0.0839033 0.11459
-41 51 -0.0019565 -0.0843078
-41 53 -0.0679517 0.0312816
-41 55 -0.116374 0.101792
-41 57 -0.163118 0.220442
-41 59 0.0131 0.0499226
-39 -59 -0.106396 -0.0823043
-39 -57 -0.27977 -0.108452
-39 -55 -0.1986 -0.175691
-39 -53 -0.289406 -0.233959
-39 -47 0.0717696 -0.162314
-39 -45 -0.139832 -0.0949036
-39 -43 -0.108297 -0.146524
-39 -41 -0.172102 -0.256008
-39 -39 -0.0670287 -0.127142
-39 -37 -0.281124 -0.272899
-39 -35 -0.114538 -0.152952
-39 -33 -0.181026 -0.1901
-39 -31 -0.220446 -0.201622
-39 -29 -0.235431 -0.218076
-39 -27 -0.263441 -0.117145
-39 -25 -0.148143 -0.0389147
-39 -23 -0.169939 -0.165159
-39 -21 -0.182685 -0.11142
-39 -19 -0.297949 -0.171787
-39 -17 -0.134545 -0.032027
-39 -15 -0.217556 -0.0668134
-39 -13 -0.180172 -0.0394748
-39 -11 -0.16061 -0.0513587
-39 -9 -0.203917 -0.0751853
-39 -7 -0.189388 -0.0809976
-39 -5 -0.281847 -0.0515715
-39 -3 -0.24014 -0.0251727
-39 -1 -0.220643 -0.0143249
-39 1 -0.254305 -0.00835026
-39 3 -0.2022 0.027333
-39 5 -0.24983 0.0420617
-39 7 -0.173534 0.0183336
-39 9 -0.328133 0.117572
-39 11 -0.298338 0.0862245
-39 13 -0.251211 0.0529156
-39 15 -0.27642 0.093203
-39 17 -0.272124 0.142631
-39 19 -0.130405 0.10446
-39 21 -0.238703 0.101171
-39 23 -0.259218 0.192401
-39 25 -0.0713128 0.0854645
-39 27 -0.13954 0.133297
-39 29 -0.195129 0.119471
-39 31 -0.254332 0.209771
-39 33 -0.213937 0.176587
-39 35 -0.196774 0.206508
-39 37 -0.0864061 0.084486
-39 39 -0.0789054 0.102983
-39 41 -0.0682467 0.0883901
-39 43 -0.139638 0.131923
-39 45 -0.200488 0.183924
-39 47 -0.188038 0.217736
-39 49 -0.128593 0.115958
-39 51 -0.302352 0.404811
-39 53 -0.179244 0.264796
-39 55 -0.119487 0.291548
-39 57 -0.181545 0.365374
-39 59 -0.105842 0.0324702
-37 -59 -0.181706 0.0523343
-37 -57 0.024279 -0.0837187
-37 -55 -0.139019 -0.0739987
-37 -53 -0.0944881 -0.227574
-37 -51 -0.116935 0.0288015
-37 -49 -0.195769 -0.191221
-37 -47 -0.112292 -0.134457
-37 -45 -0.100117 -0.14629
-37 -43 -0.107305 -0.122643
-37 -41 -0.242109 -0.298459
-37 -39 -0.241419 -0.253706
-37 -37 -0.175972 -0.22251
-37 -35 -0.255117 -0.08206
-37 -33 -0.11283 -0.154711
-37 -31 -0.105626 -0.110281
-37 -29 -0.127644 -0.0990102
-37 -27 -0.181313 -0.162064
-37 -25 -0.136507 -0.072811
-37 -23 -0.158819 -0.149724
-37 -21 -0.167705 -0.0932554
-37 -19 -0.168525 -0.118997
-37 -17 -0.189306 -0.0941801
-37 -15 -0.207069 -0.0457281
-37 -13 -0.171171 -0.0451853
-37 -11 -0.239251 -0.129404
-37 -9 -0.256409 -0.0668637
-37 -7 -0.265181 -0.0430279
-37 -5 -0.242127 -0.00387805
-37 -3 -0.231498 -0.013139
-37 -1 -0.290968 0.00746058
-37 1 -0.30866 0.0324122
-37 3 -0.241435 0.0215445
-37 5 -0.214424 0.0123424
-37 7 -0.232806 0.02103
-37 9 -0.211692 0.0454734
-37 11 -0.172862 0.0460245
-37 13 -0.104114 0.0617458
-37 15 -0.173244 0.0692077
-37 17 -0.19301 0.0930799
-37 19 -0.1975 0.0904864
-37 21 -0.196236 0.095847
-37 23 -0.236188 0.109129
-37 25 -0.240343 0.139531
-37 27 -0.147114 0.129989
-37 29 -0.104582 0.0877059
-37 31 -0.118946 0.148167
-37 33 -0.119468 0.181863
-37 35 -0.260742 0.163184
-37 37 -0.109364 0.180456
-37 39 -0.0816085 -0.0102739
-37 41 -0.159492 0.216398
-37 43 -0.00346192 0.0130865
-37 45 -0.00909768 0.078531
-37 47 -0.225924 0.160179
-37 49 -0.159352 0.23638
-37 51 -0.0885813 0.150065
-37 53 -0.134991 0.221102
-37 55 -0.185199 0.15301
-37 57 -0.0380264 0.0921656
-35 -59 -0.0910414 -0.33655
-35 -57 -0.0292482 -0.190793
-35 -55 -0.0996584 -0.124528
-35 -49 0.0365364 -0.0375415
-35 -47 0.0434659 -0.22874
-35 -45 -0.249571 -0.307608
-35 -43 -0.0524879 -0.12279
-35 -41 -0.123929 -0.177456
-35 -39 -0.199931 -0.0946628
-35 -37 -0.0943191 -0.0604254
-35 -35 -0.176381 -0.238514
-35 -33 -0.204414 -0.129246
-35 -31 -0.0826951 -0.0874997
-35 -29 -0.24206 -0.141906
-35 -27 -0.103463 -0.132398
-35 -25 -0.172352 -0.146325
-35 -23 -0.245081 -0.181871
-35 -21 -0.17338 -0.123875
-35 -19 -0.357644 -0.213059
-35 -17 -0.18566 -0.0955371
-35 -15 -0.212722 -0.0931903
-35 -13 -0.212848 -0.0849578
-35 -11 -0.158998 -0.0544001
-35 -9 -0.326819 -0.0820152
-35 -7 -0.329363 -0.0519132
-35 -5 -0.352136 -0.0452835
-35 -3 -0.333065 -0.0317829
-35 -1 -0.408257 -0.0150051
-35 1 -0.401729 0.0265677
-35 3 -0.37236 0.0451649
-35 5 -0.302449 0.0441348
-35 7 -0.313287 0.0420222
-35 9 -0.320829 0.0929395
-35 11 -0.326271 0.110126
-35 13 -0.236674 0.110955
-35 15 -0.178673 0.0359314
-35 17 -0.148024 0.0974438
-35 19 -0.188327 0.119419
-35 21 -0.224672 0.130483
-35 23 -0.196477 0.152883
-35 25 -0.134123 0.13133
-35 27 -0.229532 0.165086
-35 29 -0.132768 0.153708
-35 31 -0.110699 0.144086
-35 33 -0.228014 0.171117
-35 35 -0.192792 0.257175
-35 37 -0.118491 0.195301
-35 39 -0.229804 0.272797
-35 41 -0.144145 0.247204
-35 43 -0.133393 0.224708
-35 45 -0.0505226 0.16763
-35 47 -0.1838 0.245648
-35 49 -0.00634851 0.100705
-35 51 0.00588609 0.235837
-35 53 -0.0901289 0.199255
-35 55 0.0664619 -0.066316
-35 57 0.0454082 0.0303852
-35 59 -0.0986824 0.229122
-33 -59 -0.0293477 -0.141023
-33 -57 -0.174725 -0.238408
-33 -55 -0.0285047 -0.106241
-33 -53 -0.128688 -0.177657
-33 -51 -0.137817 -0.130192
-33 -49 0.00279158 -0.124187
-33 -47 -0.177773 -0.144645
-33 -45 -0.048823 -0.0397963
-33 -43 -0.204744 -0.197811
-33 -41 -0.123961 -0.136193
-33 -39 -0.203253 -0.296422
-33 -37 -0.204061 -0.296465
-33 -35 -0.0814079 -0.0967616
-33 -33 -0.14657 -0.191067
-33 -31 -0.106186 -0.149222
-33 -29 -0.225928 -0.190608
-33 -27 -0.133153 -0.102256
-33 -25 -0.162399 -0.153512
-33 -23 -0.236882 -0.169454
-33 -21 -0.267602 -0.168397
-33 -19 -0.231768 -0.148551
-33 -17 -0.266785 -0.155243
-33 -15 -0.233224 -0.106331
-33 -13 -0.326754 -0.114894
-33 -11 -0.38591 -0.137311
-33 -9 -0.396898 -0.103107
-33 -7 -0.437375 -0.0859934
-33 -5 -0.424734 -0.0540362
-33 -3 -0.45847 -0.0340429
-33 -1 -0.448301 -0.0109604
-33 1 -0.453593 0.0128078
-33 3 -0.438933 0.0379862
-33 5 -0.462519 0.0659774
-33 7 -0.42728 0.089451
-33 9 -0.39228 0.106581
-33 11 -0.326893 0.111685
-33 13 -0.384782 0.141823
-33 15 -0.285088 0.136435
-33 17 -0.256917 0.166702
-33 19 -0.228564 0.136104
-33 21 -0.121833 0.0640025
-33 23 -0.208566 0.203501
-33 25 -0.129916 0.137892
-33 27 -0.15776 0.197747
-33 29 -0.218753 0.124802
-33 31 -0.202496 0.150843
-33 33 -0.119302 0.14669
-33 35 -0.202911 0.271919
-33 37 -0.259956 0.350495
-33 39 -0.0822148 0.0966174
-33 41 -0.118494 0.143519
-33 43 -0.130104 0.132397
-33 45 -0.168605 0.175125
-33 47 -0.301947 0.319299
-33 49 0.00134812 0.205505
-33 51 -0.0638981 0.281061
-33 53 -0.0499038 0.116651
-33 55 -0.0374046 0.187384
-33 57 -0.0950277 0.150057
-33 59 -0.0364573 0.130227
-31 -59 -0.09517 -0.192387
-31 -57 -0.212973 -0.293852
-31 -55 -0.144 -0.127747
-31 -53 -0.0772989 -0.126544
-31 -51 -0.117786 -0.323161
-31 -49 -0.0357933 -0.172649
-31 -47 -0.128156 -0.0507945
-31 -45 -0.178016 -0.176957
-31 -43 -0.120086 -0.334998
-31 -41 -0.116547 -0.25467
-31 -39 -0.118641 -0.177073
-31 -37 -0.156256 -0.0943029
-31 -35 -0.0896276 -0.266546
-31 -33 -0.162989 -0.150028
-31 -31 -0.153095 -0.196229
-31 -29 -0.1306 -0.0864045
-31 -27 -0.106468 -0.139616
-31 -25 -0.17281 -0.146858
-31 -23 -0.146562 -0.112603
-31 -21 -0.193897 -0.128791
-31 -19 -0.232325 -0.131341
-31 -17 -0.319932 -0.168359
-31 -15 -0.37965 -0.184695
-31 -13 -0.400445 -0.161855
-31 -11 -0.42073 -0.14226
-31 -9 -0.440556 -0.121385
-31 -7 -0.441792 -0.0952016
-31 -5 -0.446811 -0.068342
-31 -3 -0.446785 -0.0379721
-31 -1 -0.452858 -0.0156875
-31 1 -0.459508 0.0132018
-31 3 -0.458863 0.0455147
-31 5 -0.450191 0.0680249
-31 7 -0.439229 0.0914886
-31 9 -0.435729 0.12054
-31 11 -0.437164 0.146473
-31 13 -0.40688 0.16497
-31 15 -0.401109 0.204092
-31 17 -0.338378 0.19325
-31 19 -0.289138 0.151936
-31 21 -0.170699 0.171268
-31 23 -0.183481 0.158389
-31 25 -0.279866 0.18768
-31 27 -0.0947623 0.121839
-31 29 -0.209676 0.176594
-31 31 -0.214053 0.22197
-31 33 -0.135025 0.186967
-31 35 -0.313635 0.237332
-31 37 -0.133171 0.0969768
-31 39 -0.14804 0.202732
-31 41 -0.122964 0.115327
-31 43 0.0189825 0.0427715
-31 45 -0.144898 0.226674
-31 47 -0.126642 0.239496
-31 49 -0.124052 0.153701
-31 51 -0.231757 0.299084
-31 53 -0.140838 0.179697
-31 55 -0.0324534 0.0315926
-31 57 0.0268399 -0.191687
-31 59 -0.0786319 0.192166
-29 -59 -0.00691872 -0.0347078
-29 -57 -0.0373018 -0.0213126
-29 -55 -0.0454023 -0.0699632
-29 -53 -0.13759 -0.430323
-29 -51 -0.0776887 -0.202359
-29 -49 -0.0843274 -0.215854
-29 -47 -0.112167 -0.164222
-29 -45 -0.19485 -0.231397
-29 -43 -0.132602 -0.207603
-29 -41 -0.0310202 -0.128838
-29 -39 -0.0490798 -0.142627
-29 -37 -0.144426 -0.149743
-29 -35 -0.0764588 -0.106916
-29 -33 -0.155341 -0.26107
-29 -31 -0.170812 -0.168739
-29 -29 -0.261992 -0.152336
-29 -27 -0.195403 -0.192714
-29 -25 -0.184011 -0.164325
-29 -23 -0.143819 -0.119912
-29 -21 -0.244748 -0.180115
-29 -19 -0.337553 -0.221563
-29 -17 -0.397616 -0.220035
-29 -15 -0.427869 -0.207602
-29 -13 -0.408835 -0.171737
-29 -11 -0.426999 -0.153917
-29 -9 -0.434863 -0.126861
-29 -7 -0.425891 -0.0980669
-29 -5 -0.446383 -0.0715458
-29 -3 -0.444573 -0.0465851
-29 -1 -0.45435 -0.0146502
-29 1 -0.440901 0.0146634
-29 3 -0.444154 0.0434922
-29 5 -0.428759 0.070313
-29 7 -0.434408 0.100847
-29 9 -0.428551 0.126801
-29 11 -0.421925 0.151142
-29 13 -0.433065 0.183539
-29 15 -0.408348 0.200934
-29 17 -0.398089 0.226485
-29 19 -0.378454 0.256064
-29 21 -0.231609 0.189818
-29 23 -0.202102 0.134157
-29 25 -0.184219 0.120639
-29 27 -0.133071 0.0545742
-29 29 -0.092987 0.127136
-29 31 -0.112209 0.18251
-29 33 -0.155764 0.1809
-29 35 -0.134218 0.164389
-29 37 -0.13883 0.207551
-29 39 -0.220806 0.186276
-29 41 0.00998349 0.122727
-29 43 -0.0715423 0.197786
-29 45 -0.157119 0.175963
-29 47 -0.0614446 0.208516
-29 49 -0.0542934 0.282174
-29 51 -0.182578 0.23921
-29 53 -0.148263 0.219223
-29 55 -0.136901 0.0526053
-29 57 -0.0922044 -0.0514978
-29 59 0.0290577 0.176103
-27 -59 -0.161749 -0.300537
-27 -57 -0.106392 -0.1973
-27 -55 -0.333033 -0.751127
-27 -53 -0.149625 -0.244827
-27 -51 0.0527712 -0.083833
-27 -49 -0.112542 -0.00105995
-27 -47 -0.00405098 -0.189631
-27 -45 -0.129502 -0.153958
-27 -43 -0.159617 -0.187699
-27 -41 -0.16796 -0.218327
-27 -39 -0.141436 -0.172805
-27 -37 -0.0927238 -0.0765746
-27 -35 -0.0227535 -0.0890483
-27 -33 -0.108701 -0.182775
-27 -31 -0.192308 -0.245528
-27 -29 -0.0965174 -0.160186
-27 -27 -0.192531 -0.237902
-27 -25 -0.227942 -0.217937
-27 -23 -0.266109 -0.231146
-27 -21 -0.313414 -0.232854
-27 -19 -0.38851 -0.263453
-27 -17 -0.384904 -0.229599
-27 -15 -0.393521 -0.207137
-27 -13 -0.405955 -0.188834
-27 -11 -0.41271 -0.161201
-27 -9 -0.417893 -0.133659
-27 -7 -0.438919 -0.109264
-27 -5 -0.457254 -0.0816653
-27 -3 -0.471342 -0.0500972
-27 -1 -0.490021 -0.0165122
-27 1 -0.483246 0.0170455
-27 3 -0.468881 0.0507357
-27 5 -0.456552 0.0817516
-27 7 -0.445955 0.110112
-27 9 -0.428604 0.135264
-27 11 -0.414095 0.160354
-27 13 -0.396597 0.184031
-27 15 -0.399846 0.212085
-27 17 -0.40072 0.23614
-27 19 -0.392906 0.266085
-27 21 -0.39063 0.288694
-27 23 -0.314658 0.285032
-27 25 -0.252987 0.237512
-27 27 -0.160557 0.164345
-27 29 -0.200253 0.254872
-27 31 -0.165421 0.215411
-27 33 -0.142676 0.156182
-27 35 -0.176663 0.127893
-27 37 -0.114298 0.190507
-27 39 -0.143533 0.197799
-27 41 -0.0845009 0.0341371
-27 43 -0.133943 0.0915007
-27 45 -0.116216 0.130183
-27 47 -0.0980168 0.147983
-27 49 -0.0100444 0.110092
-27 51 -0.0301191 0.0373078
-27 53 -0.0705549 0.10401
-27 55 -0.079661 0.305164
-27 57 -0.155642 0.206066
-27 59 0.0231056 0.0694407
-25 -59 -0.138448 -0.183916
-25 -57 0.0372328 -0.132339
-25 -55 -0.00443059 -0.2328
-25 -53 -0.126422 -0.227388
-25 -51 -0.0612238 -0.184485
-25 -49 -0.108823 -0.160835
-25 -47 -0.0945016 -0.0466253
-25 -45 -0.0793106 -0.191031
-25 -43 -0.117225 -0.248614
-25 -41 -0.0848557 -0.0694626
-25 -39 -0.0967496 -0.20631
-25 -37 -0.126456 -0.219006
-25 -35 -0.196935 -0.184081
-25 -33 -0.162851 -0.177232
-25 -31 -0.104501 -0.125912
-25 -29 -0.138022 -0.154927
-25 -27 -0.158388 -0.207591
-25 -25 -0.263162 -0.264855
-25 -23 -0.322473 -0.289266
-25 -21 -0.354805 -0.286273
-25 -19 -0.359566 -0.262121
-25 -17 -0.352809 -0.229701
-25 -15 -0.370968 -0.213839
-25 -13 -0.386237 -0.195908
-25 -11 -0.432606 -0.184216
-25 -9 -0.467222 -0.164662
-25 -7 -0.502699 -0.138625
-25 -5 -0.524413 -0.103338
-25 -3 -0.537455 -0.0625901
-25 -1 -0.564084 -0.0222519
-25 1 -0.562711 0.022536
-25 3 -0.549579 0.0650248
-25 5 -0.527763 0.104158
-25 7 -0.50076 0.137873
-25 9 -0.457056 0.160697
-25 11 -0.429255 0.183206
-25 13 -0.399411 0.201445
-25 15 -0.379928 0.219809
-25 17 -0.357286 0.229931
-25 19 -0.362151 0.264186
-25 21 -0.351139 0.283021
-25 23 -0.336617 0.291058
-25 25 -0.310931 0.302784
-25 27 -0.200819 0.186099
-25 29 -0.158859 0.172862
-25 31 -0.148042 0.163296
-25 33 -0.129315 0.141942
-25 35 -0.101786 0.169439
-25 37 -0.149326 0.211769
-25 39 -0.056074 0.0916602
-25 41 -0.130576 0.194552
-25 43 -0.143036 0.209185
-25 45 -0.178202 0.270481
-25 47 -0.0760185 0.0655727
-25 49 -0.0681679 0.199793
-25 51 -0.0248028 0.171395
-25 53 -0.0505154 0.106545
-25 55 -0.0792117 0.0258943
-25 57 0.152049 0.146833
-25 59 -0.24382 0.08271
-23 -59 -0.0398903 -0.188893
-23 -57 -0.120909 -0.146288
-23 -55 -0.0512041 -0.241016
-23 -53 0.0106177 -0.0646931
-23 -51 -0.0441523 -0.0708782
-23 -49 -0.10608 -0.217271
-23 -47 -0.0347103 -0.174895
-23 -45 -0.0922657 -0.147688
-23 -43 -0.260316 -0.382781
-23 -41 -0.0652373 -0.184698
-23 -39 -0.0179155 -0.163193
-23 -37 -0.0271948 -0.0712466
-23 -35 -0.15516 -0.26811
-23 -33 -0.113276 -0.182062
-23 -31 -0.137971 -0.228175
-23 -29 -0.182565 -0.226776
-23 -27 -0.276213 -0.30516
-23 -25 -0.324166 -0.347163
-23 -23 -0.327991 -0.315582
-23 -21 -0.326868 -0.285201
-23 -19 -0.335731 -0.266372
-23 -17 -0.347575 -0.248227
-23 -15 -0.382403 -0.243968
-23 -13 -0.430336 -0.239049
-23 -11 -0.476393 -0.224998
-23 -9 -0.525513 -0.205206
-23 -7 -0.557791 -0.16958
-23 -5 -0.588806 -0.12895
-23 -3 -0.60562 -0.0792989
-23 -1 -0.60837 -0.0272432
-23 1 -0.607445 0.0262946
-23 3 -0.602985 0.0790638
-23 5 -0.588514 0.127243
-23 7 -0.557968 0.169844
-23 9 -0.517931 0.202077
-23 11 -0.48474 0.229379
-23 13 -0.424819 0.238258
-23 15 -0.381159 0.244951
-23 17 -0.351802 0.253695
-23 19 -0.335084 0.265979
-23 21 -0.322368 0.282057
-23 23 -0.325728 0.316387
-23 25 -0.318009 0.336334
-23 27 -0.292111 0.352969
-23 29 -0.219803 0.254096
-23 31 -0.129275 0.177202
-23 33 -0.0905553 0.158281
-23 35 -0.133235 0.191619
-23 37 -0.108526 0.206442
-23 39 -0.211415 0.250343
-23 41 -0.266005 0.39153
-23 43 -0.149233 0.38304
-23 45 -0.0988173 0.0767198
-23 47 -0.0535917 0.222754
-23 49 -0.023205 0.0403208
-23 51 -0.114252 0.232313
-23 53 -0.051867 0.00543439
-23 55 0.0658822 0.160664
-23 57 -0.0710534 0.182335
-23 59 -0.145991 0.26847
-21 -57 -0.0849906 -0.144145
-21 -55 -0.0728834 -0.234573
-21 -53 0.0540593 -0.151188
-21 -51 -0.0478692 -0.22634
-21 -49 -0.0768272 -0.0939887
-21 -47 -0.0357749 -0.116024
-21 -45 -0.0105786 -0.186197
-21 -43 -0.0487397 -0.126785
-21 -41 -0.0699263 -0.17176
-21 -39 -0.0592711 -0.243486
-21 -37 -0.13502 -0.178237
-21 -35 -0.122398 -0.232448
-21 -33 -0.154574 -0.263597
-21 -31 -0.112239 -0.219893
-21 -29 -0.222665 -0.327802
-21 -27 -0.270668 -0.336787
-21 -25 -0.300065 -0.341529
-21 -23 -0.298412 -0.314074
-21 -21 -0.301848 -0.291697
-21 -19 -0.327623 -0.290464
-21 -17 -0.354355 -0.282733
-21 -15 -0.411116 -0.293392
-21 -13 -0.471576 -0.29466
-21 -11 -0.516834 -0.272649
-21 -9 -0.554748 -0.241073
-21 -7 -0.576234 -0.197154
-21 -5 -0.593433 -0.145523
-21 -3 -0.597522 -0.0875815
-21 -1 -0.601722 -0.0297077
-21 1 -0.600556 0.0298028
-21 3 -0.599054 0.0875732
-21 5 -0.591383 0.143635
-21 7 -0.58077 0.197621
-21 9 -0.551724 0.240349
-21 11 -0.517204 0.273254
-21 13 -0.466237 0.289376
-21 15 -0.414694 0.295948
-21 17 -0.357952 0.287942
-21 19 -0.316632 0.280767
-21 21 -0.301426 0.292673
-21 23 -0.296225 0.313187
-21 25 -0.299617 0.344937
-21 27 -0.288048 0.35443
-21 29 -0.241813 0.330375
-21 31 -0.120759 0.161751
-21 33 -0.0949662 0.175177
-21 35 -0.120584 0.141533
-21 37 -0.0864535 0.192609
-21 39 -0.139655 0.283567
-21 41 -0.0354122 0.0726012
-21 43 -0.0477681 0.225364
-21 45 -0.139433 0.132062
-21 47 -0.00301576 0.0302717
-21 49 -0.0654832 0.246209
-21 51 -0.117494 0.166371
-21 53 -0.0532678 0.244056
-21 55 -0.0536187 0.162779
-21 57 -0.035537 0.0810095
-21 59 -0.0120743 0.118719
-19 -59 0.0425216 0.0219314
-19 -57 -0.00706587 -0.126568
-19 -55 -0.102215 -0.32446
-19 -53 -0.0619689 -0.139056
-19 -51 -0.104567 -0.165784
-19 -49 -0.0325113 -0.106372
-19 -47 -0.017569 -0.165858
-19 -45 -0.0886047 -0.322785
-19 -43 -0.120782 -0.24927
-19 -41 -0.0374107 -0.206243
-19 -39 -0.109346 -0.174542
-19 -37 -0.100394 -0.236923
-19 -35 0.0224883 -0.0763203
-19 -33 -0.0993095 -0.110338
-19 -31 -0.121068 -0.175061
-19 -29 -0.265715 -0.400369
-19 -27 -0.259953 -0.363819
-19 -25 -0.267085 -0.339843
-19 -23 -0.269041 -0.319869
-19 -21 -0.279056 -0.306248
-19 -19 -0.315108 -0.315922
-19 -17 -0.368333 -0.332974
-19 -15 -0.437045 -0.35141
-19 -13 -0.481516 -0.338577
-19 -11 -0.514534 -0.308326
-19 -9 -0.534412 -0.263769
-19 -7 -0.540332 -0.209307
-19 -5 -0.541617 -0.150465
-19 -3 -0.537551 -0.0899046
-19 -1 -0.533969 -0.0297937
-19 1 -0.534952 0.0301612
-19 3 -0.537063 0.0900752
-19 5 -0.540653 0.149581
-19 7 -0.541112 0.209338
-19 9 -0.531665 0.262282
-19 11 -0.51615 0.308839
-19 13 -0.480917 0.33677
-19 15 -0.434773 0.349767
-19 17 -0.371714 0.336855
-19 19 -0.318544 0.317573
-19 21 -0.27959 0.305283
-19 23 -0.261984 0.311924
-19 25 -0.263038 0.337365
-19 27 -0.271736 0.37361
-19 29 -0.248608 0.383039
-19 31 -0.14712 0.234353
-19 33 -0.0903237 0.216341
-19 35 -0.0863544 0.172388
-19 37 -0.112379 0.308698
-19 39 -0.117026 0.205362
-19 41 -0.0150049 0.219453
-19 43 -0.0734711 0.237591
-19 45 -0.0323443 0.16702
-19 47 -0.0488924 0.195211
-19 49 -0.0299665 0.100933
-19 51 -0.127835 0.322103
-19 53 -0.0511418 0.149319
-19 55 -0.101177 0.00403346
-19 57 -0.0604626 0.260553
-19 59 -0.138343 0.166324
-17 -59 -0.0809826 -0.275628
-17 -57 -0.0783848 -0.263378
-17 -55 -0.0903119 -0.0918086
-17 -53 -0.0418795 -0.181467
-17 -51 -0.0455827 -0.148423
-17 -49 -0.052315 -0.158018
-17 -47 -0.0811351 -0.19095
-17 -45 0.00447854 -0.211108
-17 -43 -0.00970105 -0.107205
-17 -41 -0.0591179 -0.168867
-17 -39 -0.0868353 -0.225971
-17 -37 -0.0768937 -0.228551
-17 -35 -0.0569373 -0.171123
-17 -33 -0.140367 -0.281623
-17 -31 -0.199905 -0.365661
-17 -29 -0.224087 -0.374337
-17 -27 -0.233373 -0.362581
-17 -25 -0.235483 -0.338561
-17 -23 -0.24003 -0.323415
-17 -21 -0.271807 -0.339592
-17 -19 -0.328799 -0.375276
-17 -17 -0.383487 -0.395685
-17 -15 -0.428267 -0.393778
-17 -13 -0.460275 -0.371681
-17 -11 -0.471108 -0.325438
-17 -9 -0.474333 -0.27023
-17 -7 -0.462359 -0.207062
-17 -5 -0.443223 -0.144791
-17 -3 -0.425575 -0.0847212
-17 -1 -0.414787 -0.0274915
-17 1 -0.414651 0.0268527
-17 3 -0.42525 0.0840016
-17 5 -0.444086 0.144313
-17 7 -0.462428 0.20838
-17 9 -0.473979 0.270919
-17 11 -0.472194 0.326065
-17 13 -0.458433 0.369429
-17 15 -0.430573 0.395925
-17 17 -0.386793 0.398722
-17 19 -0.32951 0.374566
-17 21 -0.274096 0.341226
-17 23 -0.239557 0.323641
-17 25 -0.228949 0.330363
-17 27 -0.23184 0.36177
-17 29 -0.243017 0.406029
-17 31 -0.18838 0.367354
-17 33 -0.0738604 0.252451
-17 35 -0.0647398 0.203596
-17 37 -0.0550568 0.185281
-17 39 -0.0576339 0.210563
-17 41 -0.0569882 0.120466
-17 43 -0.101577 0.102387
-17 45 -0.102558 0.223422
-17 47 -0.0629066 0.215872
-17 49 -0.0345651 0.215085
-17 51 -0.0810799 0.251671
-17 53 -0.0626364 0.130041
-17 55 -0.162821 -0.0269861
-17 57 -0.0724774 0.26579
-17 59 0.216177 0.177074
-15 -59 -0.151873 -0.230551
-15 -57 -0.00291684 -0.11046
-15 -55 -0.0644226 -0.120567
-15 -53 -0.0198707 -0.158028
-15 -51 -0.04598 -0.132985
-15 -49 -0.121251 -0.222028
-15 -47 -0.106002 -0.25083
-15 -45 -0.10778 -0.253426
-15 -43 -0.0464447 -0.163394
-15 -41 -0.118207 -0.196311
-15 -39 -0.082773 -0.290135
-15 -37 -0.131208 -0.288891
-15 -35 -0.136316 -0.304748
-15 -33 -0.101614 -0.248655
-15 -31 -0.190631 -0.390978
-15 -29 -0.204297 -0.38956
-15 -27 -0.200362 -0.356627
-15 -25 -0.205555 -0.342153
-15 -23 -0.220114 -0.344865
-15 -21 -0.269824 -0.390607
-15 -19 -0.325181 -0.432603
-15 -17 -0.367081 -0.440445
-15 -15 -0.394904 -0.4254
-15 -13 -0.404749 -0.383269
-15 -11 -0.404092 -0.329158
-15 -9 -0.384963 -0.261797
-15 -7 -0.352052 -0.191559
-15 -5 -0.323826 -0.128451
-15 -3 -0.304675 -0.0734115
-15 -1 -0.296119 -0.0240933
-15 1 -0.295975 0.024043
-15 3 -0.305038 0.0738447
-15 5 -0.323822 0.128383
-15 7 -0.351736 0.191071
-15 9 -0.383804 0.261472
-15 11 -0.404109 0.329341
-15 13 -0.40531 0.384029
-15 15 -0.393645 0.424529
-15 17 -0.36454 0.439884
-15 19 -0.321665 0.427203
-15 21 -0.267348 0.385414
-15 23 -0.225495 0.352778
-15 25 -0.205546 0.34331
-15 27 -0.202744 0.362188
-15 29 -0.209301 0.396814
-15 31 -0.196749 0.403046
-15 33 -0.146385 0.344542
-15 35 -0.0710739 0.266435
-15 37 -0.0801212 0.183443
-15 39 -0.0783724 0.269094
-15 41 -0.0704019 0.209109
-15 43 -0.0904615 0.317203
-15 45 -0.0579324 0.20209
-15 47 -0.0889454 0.105745
-15 49 -0.00306521 0.189233
-15 51 0.0329742 0.219164
-15 53 -0.0764975 0.15155
-15 55 -0.100543 0.0453178
-15 57 0.0261952 0.1049
-15 59 -0.0725933 0.0155401
-13 -59 -0.0521743 -0.0971027
-13 -57 -0.105011 -0.302767
-13 -55 -0.0744045 -0.214365
-13 -53 -0.0532055 -0.222558
-13 -51 -0.0340828 -0.217546
-13 -49 -0.0788502 -0.179201
-13 -47 -0.0665415 -0.159587
-13 -45 -0.0645789 -0.16592
-13 -43 -0.0146963 -0.128295
-13 -41 -0.0319626 -0.1417
-13 -39 -0.0207082 -0.131553
-13 -37 -0.0324404 -0.147043
-13 -35 -0.0633603 -0.225369
-13 -33 -0.139243 -0.344376
-13 -31 -0.168025 -0.404938
-13 -29 -0.175307 -0.388703
-13 -27 -0.173535 -0.361889
-13 -25 -0.177811 -0.352777
-13 -23 -0.20947 -0.387023
-13 -21 -0.254731 -0.437605
-13 -19 -0.299369 -0.472509
-13 -17 -0.326097 -0.469332
-13 -15 -0.336832 -0.436716
-13 -13 -0.336263 -0.385747
-13 -11 -0.316978 -0.317333
-13 -9 -0.281361 -0.239112
-13 -7 -0.24913 -0.170163
-13 -5 -0.227546 -0.113712
-13 -3 -0.214222 -0.0651359
-13 -1 -0.207856 -0.0213693
-13 1 -0.207951 0.0211249
-13 3 -0.214544 0.0652268
-13 5 -0.227505 0.113596
-13 7 -0.249538 0.170174
-13 9 -0.281181 0.238737
-13 11 -0.316952 0.317164
-13 13 -0.336863 0.386675
-13 15 -0.337052 0.43651
-13 17 -0.325695 0.469466
-13 19 -0.296494 0.469284
-13 21 -0.252323 0.432529
-13 23 -0.211022 0.387006
-13 25 -0.180476 0.355592
-13 27 -0.175216 0.366755
-13 29 -0.170389 0.378663
-13 31 -0.175731 0.424902
-13 33 -0.147541 0.322917
-13 35 -0.0447473 0.266135
-13 37 -0.0524626 0.204138
-13 39 -0.0589757 0.266892
-13 41 -0.0276484 0.142297
-13 43 -0.0438441 0.214996
-13 45 -0.101665 0.330071
-13 47 -0.0951472 0.202357
-13 49 -0.0556495 0.308784
-13 51 0.0324657 0.0592009
-13 53 -0.0108852 0.110277
-13 55 -0.157603 0.115517
-13 57 -0.113265 0.451957
-13 59 -0.0779149 0.231362
-11 -59 -0.031386 -0.160456
-11 -57 0.0109645 -0.0548961
-11 -55 -0.085198 -0.203375
-11 -53 -0.0952396 -0.331843
-11 -51 -0.0606893 -0.0964075
-11 -49 -0.025918 -0.321704
-11 -47 -0.108957 -0.171393
-11 -45 0.00126836 -0.134056
-11 -43 -0.0298615 -0.204806
-11 -41 0.00104677 -0.0995683
-11 -39 -0.065781 -0.21054
-11 -37 -0.093412 -0.275502
-11 -35 -0.0653885 -0.322331
-11 -33 -0.132475 -0.41036
-11 -31 -0.145387 -0.411083
-11 -29 -0.142383 -0.385177
-11 -27 -0.144122 -0.367075
-11 -25 -0.156834 -0.374998
-11 -23 -0.185097 -0.417677
-11 -21 -0.225399 -0.475784
-11 -19 -0.25504 -0.499551
-11 -17 -0.268408 -0.482538
-11 -15 -0.271178 -0.440947
-11 -13 -0.258305 -0.377058
-11 -11 -0.227487 -0.295039
-11 -9 -0.193314 -0.216319
-11 -7 -0.169785 -0.153685
-11 -5 -0.152865 -0.101786
-11 -3 -0.141715 -0.0575814
-11 -1 -0.136316 -0.0186525
-11 1 -0.136367 0.0185656
-11 3 -0.141663 0.0576307
-11 5 -0.152865 0.101872
-11 7 -0.169525 0.153481
-11 9 -0.19338 0.216403
-11 11 -0.227275 0.295043
-11 13 -0.258428 0.377789
-11 15 -0.270415 0.440706
-11 17 -0.268717 0.48222
-11 19 -0.254063 0.495943
-11 21 -0.225044 0.47627
-11 23 -0.184769 0.417652
-11 25 -0.157526 0.380306
-11 27 -0.144166 0.367622
-11 29 -0.142639 0.382014
-11 31 -0.147882 0.415556
-11 33 -0.141952 0.423364
-11 35 -0.0719132 0.275869
-11 37 -0.0712873 0.245857
-11 39 -0.0782587 0.255644
-11 41 -0.0990165 0.255641
-11 43 -0.112127 0.265361
-11 45 -0.0565685 0.208568
-11 47 -0.0200617 0.11237
-11 49 0.0101676 0.250982
-11 51 0.0388055 0.214501
-11 53 -0.0932422 0.261995
-11 55 0.0122003 0.197678
-11 57 -0.117563 0.0811285
-11 59 -0.0925649 0.575694
-9 -59 -0.0126074 -0.290762
-9 -57 0.0344156 -0.148372
-9 -55 -0.0564991 -0.385394
-9 -53 -0.00252043 -0.339766
-9 -51 0.0238542 -0.175536
-9 -49 -0.00748493 -0.304111
-9 -47 -0.00844717 -0.240155
-9 -45 0.00314631 -0.181201
-9 -43 -0.0325017 -0.198469
-9 -41 0.00672165 -0.170745
-9 -39 -0.0200308 -0.130176
-9 -37 -0.0228739 -0.241261
-9 -35 -0.0675855 -0.304889
-9 -33 -0.115834 -0.441367
-9 -31 -0.111682 -0.414139
-9 -29 -0.112065 -0.379899
-9 -27 -0.116012 -0.374927
-9 -25 -0.13086 -0.400665
-9 -23 -0.155995 -0.450656
-9 -21 -0.182279 -0.497485
-9 -19 -0.200246 -0.514138
-9 -17 -0.205418 -0.486398
-9 -15 -0.200418 -0.436982
-9 -13 -0.180033 -0.361533
-9 -11 -0.148585 -0.273081
-9 -9 -0.123356 -0.198987
-9 -7 -0.104479 -0.139352
-9 -5 -0.0902514 -0.090575
-9 -3 -0.0819524 -0.0515146
-9 -1 -0.0783447 -0.016889
-9 1 -0.0783521 0.0169588
-9 3 -0.0819291 0.0515004
-9 5 -0.0902781 0.090623
-9 7 -0.104346 0.139458
-9 9 -0.122989 0.199074
-9 11 -0.148619 0.273174
-9 13 -0.179988 0.36123
-9 15 -0.201101 0.438056
-9 17 -0.206109 0.487081
-9 19 -0.199864 0.51055
-9 21 -0.184622 0.50504
-9 23 -0.156794 0.455494
-9 25 -0.128934 0.39576
-9 27 -0.116358 0.374512
-9 29 -0.113324 0.386142
-9 31 -0.115677 0.413002
-9 33 -0.117381 0.441227
-9 35 -0.0698865 0.332823
-9 37 -0.0760466 0.324529
-9 39 -0.0134088 0.196004
-9 41 -0.0904009 0.315315
-9 43 -0.0617875 0.0954351
-9 45 -0.0783305 0.429081
-9 47 -0.0614703 0.318921
-9 49 -0.0328691 0.126123
-9 51 -0.0756175 0.237671
-9 53 -0.079279 0.20799
-9 55 -0.0708194 0.138608
-9 57 -0.00243127 0.220794
-9 59 -0.0706762 0.280587
-7 -59 0.0226248 -0.0835113
-7 -57 -0.0109987 -0.176474
-7 -55 -0.0426412 -0.248304
-7 -53 0.0314262 -0.238001
-7 -51 -0.0475442 -0.162546
-7 -49 -0.0546202 -0.233719
-7 -47 -0.055721 -0.130605
-7 -45 -0.0406444 -0.177097
-7 -43 0.00668591 -0.124743
-7 -41 0.00585895 -0.240551
-7 -39 -0.00486201 -0.25896
-7 -37 -0.00485007 -0.170423
-7 -35 -0.0669293 -0.36923
-7 -33 -0.0836521 -0.432466
-7 -31 -0.0844581 -0.41209
-7 -29 -0.083623 -0.38047
-7 -27 -0.0838339 -0.368298
-7 -25 -0.0988776 -0.416474
-7 -23 -0.117226 -0.476775
-7 -21 -0.134669 -0.51984
-7 -19 -0.141097 -0.516955
-7 -17 -0.139454 -0.486622
-7 -15 -0.13016 -0.430099
-7 -13 -0.108524 -0.34584
-7 -11 -0.0832467 -0.256745
-7 -9 -0.0639462 -0.185538
-7 -7 -0.0485013 -0.126391
-7 -5 -0.0376731 -0.0823053
-7 -3 -0.0310227 -0.0476478
-7 -1 -0.0278118 -0.0157866
-7 1 -0.0279886 0.0156476
-7 3 -0.0311516 0.0478768
-7 5 -0.0377882 0.0822169
-7 7 -0.0486866 0.126531
-7 9 -0.0639434 0.185319
-7 11 -0.0831239 0.256802
-7 13 -0.108328 0.345664
-7 15 -0.130373 0.430819
-7 17 -0.139482 0.486146
-7 19 -0.141512 0.519743
-7 21 -0.133082 0.515208
-7 23 -0.119389 0.478492
-7 25 -0.100303 0.418566
-7 27 -0.0856059 0.375575
-7 29 -0.0835273 0.380608
-7 31 -0.0848586 0.407747
-7 33 -0.0858895 0.426456
-7 35 -0.0683442 0.394608
-7 37 -0.0384654 0.251324
-7 39 -0.0581561 0.188901
-7 41 -0.00803882 0.167309
-7 43 -0.00849159 0.248169
-7 45 0.00271781 0.171821
-7 47 -0.00329319 0.270965
-7 49 -0.0369173 0.155395
-7 51 -0.031853 0.249638
-7 53 0.0318704 0.347931
-7 55 -0.0896071 0.0932816
-7 57 -0.046373 0.0727919
-7 59 -0.00731958 0.225606
-5 -59 -0.00513669 -0.105927
-5 -57 -0.0121744 -0.150897
-5 -55 -0.0271243 -0.639579
-5 -53 -0.0207693 -0.274847
-5 -51 -0.01734 -0.240944
-5 -49 -0.048073 -0.19186
-5 -47 -0.0589302 -0.221191
-5 -45 0.00395394 -0.370751
-5 -43 -0.0380904 -0.21618
-5 -41 -0.0420901 -0.293154
-5 -39 0.0204354 -0.147805
-5 -37 0.000922582 -0.267291
-5 -35 -0.0445305 -0.369267
-5 -33 -0.0568125 -0.42335
-5 -31 -0.0589109 -0.408553
-5 -29 -0.0543641 -0.37609
-5 -27 -0.056137 -0.380322
-5 -25 -0.0648217 -0.429743
-5 -23 -0.0739686 -0.483459
-5 -21 -0.0797925 -0.520081
-5 -19 -0.0801539 -0.517452
-5 -17 -0.0747626 -0.481838
-5 -15 -0.0630312 -0.422591
-5 -13 -0.0445099 -0.334316
-5 -11 -0.026 -0.246507
-5 -9 -0.0117398 -0.175066
-5 -7 -0.000269327 -0.116887
-5 -5 0.00953269 -0.0767969
-5 -3 0.0171097 -0.0450826
-5 -1 0.0211641 -0.0149815
-5 1 0.0211001 0.0150072
-5 3 0.0171382 0.045089
-5 5 0.00952623 0.0768187
-5 7 -0.000364391 0.116634
-5 9 -0.0117001 0.175187
-5 11 -0.0261949 0.246692
-5 13 -0.0445093 0.33351
-5 15 -0.063201 0.422912
-5 17 -0.0738612 0.481318
-5 19 -0.079783 0.518059
-5 21 -0.0801445 0.5206
-5 23 -0.073626 0.484331
-5 25 -0.0631739 0.420778
-5 27 -0.0556605 0.381361
-5 29 -0.0534562 0.377573
-5 31 -0.0544935 0.403195
-5 33 -0.0568833 0.438049
-5 35 -0.053586 0.37521
-5 37 -0.0483201 0.381029
-5 39 -0.0324714 0.222791
-5 41 -0.00890153 0.226187
-5 43 0.0188906 0.169595
-5 45 0.0168511 0.193164
-5 47 -0.0779571 0.151456
-5 49 0.0246577 0.283443
-5 51 0.0471427 0.20209
-5 53 -0.0532841 0.0771607
-5 55 -0.0221659 0.200543
-5 57 -0.0477114 0.264516
-5 59 -0.0442157 0.233975
-3 -59 0.138769 -0.156894
-3 -57 0.030595 -0.146078
-3 -55 -0.0876785 -0.224025
-3 -53 0.0461938 -0.177861
-3 -51 0.0464885 -0.233124
-3 -49 -0.00364708 -0.143064
-3 -47 -0.00595955 -0.338282
-3 -45 -0.00153059 -0.161876
-3 -43 -0.00241752 -0.269215
-3 -41 -0.00556144 -0.131111
-3 -39 -0.0030242 -0.219294
-3 -37 -0.0137776 -0.240435
-3 -35 -0.0256141 -0.382064
-3 -33 -0.0273567 -0.422732
-3 -31 -0.0282045 -0.401837
-3 -29 -0.0242984 -0.38092
-3 -27 -0.0258528 -0.379413
-3 -25 -0.0268519 -0.424906
-3 -23 -0.0280243 -0.483639
-3 -21 -0.0247598 -0.515734
-3 -19 -0.0196856 -0.507772
-3 -17 -0.0111843 -0.474911
-3 -15 7.7428e-05 -0.415798
-3 -13 0.0143748 -0.32946
-3 -11 0.027067 -0.242561
-3 -9 0.0364056 -0.169638
-3 -7 0.0442424 -0.111195
-3 -5 0.0553293 -0.0733821
-3 -3 0.0656077 -0.0435581
-3 -1 0.0711254 -0.0144313
-3 1 0.0710909 0.0144732
-3 3 0.0656106 0.0434307
-3 5 0.0553946 0.07339
-3 7 0.0443413 0.111225
-3 9 0.0363636 0.169765
-3 11 0.0269812 0.242741
-3 13 0.0142689 0.329418
-3 15 0.00074214 0.415041
-3 17 -0.0106701 0.473465
-3 19 -0.0200629 0.510347
-3 21 -0.0251041 0.515337
-3 23 -0.0281881 0.486117
-3 25 -0.0273514 0.427985
-3 27 -0.0254378 0.385945
-3 29 -0.0249891 0.375919
-3 31 -0.0266291 0.403611
-3 33 -0.0280323 0.438029
-3 35 -0.0189961 0.360911
-3 37 -0.0213568 0.230758
-3 39 -0.00596486 0.205391
-3 41 -0.0208152 0.249194
-3 43 0.0042915 0.178675
-3 45 -0.0199053 0.175689
-3 47 -0.0127827 0.243893
-3 49 -0.0225464 0.291877
-3 51 -0.0302888 0.0473919
-3 53 -0.0387475 0.314856
-3 55 -0.0162454 0.139458
-3 57 0.0984511 0.286856
-3 59 -0.0626449 0.188468
-1 -59 0.0522717 -0.36642
-1 -57 0.0256995 -0.280135
-1 -55 -0.224315 -0.138962
-1 -53 0.116834 -0.0618533
-1 -51 -0.000895808 -0.286848
-1 -49 0.0175876 -0.328459
-1 -47 0.0175406 -0.322777
-1 -45 0.0959865 -0.138976
-1 -43 -0.054315 -0.204312
-1 -41 0.00526148 -0.256079
-1 -39 0.0109228 -0.288966
-1 -37 0.0176772 -0.263229
-1 -35 -0.00461137 -0.421407
-1 -33 0.000929712 -0.423269
-1 -31 0.00225663 -0.400306
-1 -29 0.00268764 -0.37503
-1 -27 0.0049425 -0.38029
-1 -25 0.00867546 -0.42464
-1 -23 0.0169365 -0.470911
-1 -21 0.0274666 -0.506089
-1 -19 0.0382771 -0.49905
-1 -17 0.0493812 -0.466473
-1 -15 0.0612727 -0.412662
-1 -13 0.070522 -0.3314
-1 -11 0.0787334 -0.24643
-1 -9 0.0848942 -0.172371
-1 -7 0.0900579 -0.112741
-1 -5 0.102666 -0.0742193
-1 -3 0.115061 -0.0439328
-1 -1 0.12124 -0.0146727
-1 1 0.12132 0.0145864
-1 3 0.11508 0.0438758
-1 5 0.10259 0.0743567
-1 7 0.0900209 0.112753
-1 9 0.0847868 0.172253
-1 11 0.0790827 0.246089
-1 13 0.0710232 0.33166
-1 15 0.0610041 0.412864
-1 17 0.0497788 0.466204
-1 19 0.0376705 0.499868
-1 21 0.027289 0.505669
-1 23 0.0168115 0.476961
-1 25 0.0101624 0.425524
-1 27 0.00578809 0.385141
-1 29 0.0018793 0.382114
-1 31 0.00160363 0.402138
-1 33 -0.00254398 0.439607
-1 35 0.00213252 0.384636
-1 37 0.0161245 0.274668
-1 39 0.0510344 0.257974
-1 41 -0.0354605 0.244267
-1 43 0.0680096 0.124384
-1 45 -0.00284057 0.171629
-1 47 0.00597558 0.279409
-1 49 0.0463929 0.157164
-1 51 0.015084 0.133816
-1 53 0.0123379 0.176872
-1 55 0.0175335 0.233276
-1 57 0.0662887 0.184802
-1 59 -0.0585994 0.080673
1 -59 -0.00803596 -0.196135
1 -57 0.0160591 -0.139573
1 -55 0.0935409 0.0644632
1 -53 0.142278 -0.175982
1 -51 0.0435963 -0.144301
1 -49 0.0372456 -0.170355
1 -47 -0.0549286 -0.306679
1 -45 0.0186165 -0.170621
1 -43 -0.0463739 -0.130866
1 -41 0.00257459 -0.215128
1 -39 0.0251647 -0.377373
1 -37 0.0219779 -0.215718
1 -35 0.0239941 -0.393494
1 -33 0.0248896 -0.425945
1 -31 0.0295991 -0.393232
1 -29 0.0295864 -0.374843
1 -27 0.0345741 -0.376982
1 -25 0.0421126 -0.407321
1 -23 0.0567084 -0.451611
1 -21 0.0750257 -0.484879
1 -19 0.0924434 -0.486062
1 -17 0.105761 -0.455456
1 -15 0.118535 -0.4072
1 -13 0.127026 -0.336985
1 -11 0.132693 -0.258101
1 -9 0.137224 -0.184893
1 -7 0.141754 -0.125194
1 -5 0.15304 -0.0820655
1 -3 0.164073 -0.0476809
1 -1 0.169796 -0.0155803
1 1 0.169943 0.01558
1 3 0.164224 0.0477036
1 5 0.153116 0.0822822
1 7 0.1418 0.124959
1 9 0.136699 0.184462
1 11 0.132686 0.257559
1 13 0.126675 0.337592
1 15 0.118769 0.407704
1 17 0.105407 0.455243
1 19 0.0908385 0.482696
1 21 0.075032 0.486724
1 23 0.0589421 0.458937
1 25 0.0444557 0.409597
1 27 0.0343712 0.375556
1 29 0.0305089 0.371271
1 31 0.0294308 0.400521
1 33 0.0286163 0.419529
1 35 0.0327668 0.408055
1 37 0.0630136 0.190426
1 39 -0.00082338 0.173108
1 41 0.0401318 0.315344
1 43 0.0219953 0.157808
1 45 -0.0919346 0.154035
1 47 -0.00344263 0.165087
1 49 0.0142979 0.132683
1 51 -0.00565305 0.132973
1 53 0.083011 0.200819
1 55 0.0288827 0.18409
1 57 0.0992188 0.207111
1 59 0.00652929 0.0368455
3 -59 0.0705003 -0.252868
3 -57 -0.0317784 -0.247954
3 -55 0.0353913 -0.314313
3 -53 0.0068867 -0.269684
3 -51 -0.00599169 -0.118961
3 -49 0.0113403 -0.182427
3 -47 0.0400258 -0.269183
3 -45 0.0360068 -0.257468
3 -43 0.00294047 -0.199154
3 -41 0.0179426 -0.15556
3 -39 -0.0274693 -0.146568
3 -37 -0.017785 -0.168808
3 -35 0.0378934 -0.378406
3 -33 0.0535062 -0.417351
3 -31 0.0564807 -0.394184
3 -29 0.0574853 -0.373479
3 -27 0.0627562 -0.365411
3 -25 0.0740862 -0.387984
3 -23 0.0928166 -0.427763
3 -21 0.115118 -0.456721
3 -19 0.137875 -0.461354
3 -17 0.15612 -0.440663
3 -15 0.171119 -0.399155
3 -13 0.181487 -0.342002
3 -11 0.188744 -0.274348
3 -9 0.192513 -0.205726
3 -7 0.198146 -0.146977
3 -5 0.205761 -0.0990975
3 -3 0.212938 -0.0581569
3 -1 0.217132 -0.0188629
3 1 0.21743 0.0191917
3 3 0.213408 0.0578641
3 5 0.205342 0.0990507
3 7 0.198049 0.146662
3 9 0.191974 0.204999
3 11 0.187889 0.273703
3 13 0.182212 0.342976
3 15 0.170432 0.398229
3 17 0.155949 0.438954
3 19 0.138624 0.465207
3 21 0.116959 0.462288
3 23 0.0932909 0.427727
3 25 0.0752836 0.392163
3 27 0.0624354 0.367455
3 29 0.0583516 0.372279
3 31 0.0561362 0.39574
3 33 0.0558359 0.426143
3 35 0.0358356 0.403459
3 37 0.0480935 0.254168
3 39 0.0099411 0.199467
3 41 0.0137572 0.16712
3 43 0.00943931 0.153576
3 45 0.00799567 0.209014
3 47 -0.0121038 0.264702
3 49 0.0825043 0.205454
3 51 0.0263075 0.14843
3 53 -0.0777431 0.169086
3 55 0.145654 0.335959
3 57 0.0305734 0.2046
3 59 0.0555086 0.690752
5 -59 0.0725848 -0.18316
5 -57 0.155651 -0.234873
5 -55 0.00620457 -0.268419
5 -53 -0.00976095 -0.191716
5 -51 0.0244671 -0.261284
5 -49 0.037958 -0.288873
5 -47 0.0253483 -0.276496
5 -45 0.0153879 -0.0959961
5 -43 0.0222488 -0.211233
5 -41 0.0271294 -0.198104
5 -39 0.0667047 -0.216339
5 -37 0.0844008 -0.207729
5 -35 0.0517667 -0.364471
5 -33 0.084188 -0.423076
5 -31 0.0827748 -0.394601
5 -29 0.0835643 -0.367587
5 -27 0.0883778 -0.355189
5 -25 0.102557 -0.373521
5 -23 0.122906 -0.399772
5 -21 0.151158 -0.431226
5 -19 0.176595 -0.435444
5 -17 0.199486 -0.422086
5 -15 0.218241 -0.386649
5 -13 0.2312 -0.338747
5 -11 0.240791 -0.282673
5 -9 0.246767 -0.223912
5 -7 0.251958 -0.16783
5 -5 0.257502 -0.117741
5 -3 0.261654 -0.0700265
5 -1 0.264765 -0.0234553
5 1 0.263911 0.0233159
5 3 0.261899 0.0696563
5 5 0.257628 0.117807
5 7 0.251735 0.168373
5 9 0.24717 0.224201
5 11 0.240272 0.282707
5 13 0.231976 0.34004
5 15 0.218237 0.38679
5 17 0.199459 0.420614
5 19 0.177451 0.437242
5 21 0.149814 0.425231
5 23 0.123949 0.401609
5 25 0.10099 0.372751
5 27 0.0896757 0.356744
5 29 0.0850766 0.369885
5 31 0.0846447 0.400947
5 33 0.0806371 0.408949
5 35 0.054353 0.336237
5 37 0.0562268 0.280169
5 39 0.0522131 0.317487
5 41 0.078871 0.364929
5 43 0.0404003 0.233619
5 45 0.0502744 0.241884
5 47 0.00705356 0.238585
5 49 0.0508062 0.468023
5 51 0.0624621 0.139372
5 53 -0.00619136 0.103319
5 55 0.0520521 0.0470063
5 57 0.0203549 0.215916
5 59 0.0205444 0.0954673
7 -59 -0.00810281 -0.0397287
7 -57 -0.0273395 -0.135148
7 -55 0.0180331 -0.101363
7 -53 0.0617254 -0.249243
7 -51 -0.0373515 -0.190468
7 -49 0.046095 -0.215302
7 -47 0.0486523 -0.214581
7 -45 0.148831 -0.312633
7 -43 0.0334928 -0.237708
7 -41 0.0380714 -0.266006
7 -39 0.0784621 -0.208052
7 -37 0.0659978 -0.229402
7 -35 0.077455 -0.338432
7 -33 0.10235 -0.410346
7 -31 0.109394 -0.390092
7 -29 0.110397 -0.363023
7 -27 0.113829 -0.345975
7 -25 0.124547 -0.348923
7 -23 0.147104 -0.370443
7 -21 0.177394 -0.397073
7 -19 0.207632 -0.405785
7 -17 0.234008 -0.396843
7 -15 0.256773 -0.368899
7 -13 0.27391 -0.32889
7 -11 0.284419 -0.280497
7 -9 0.292228 -0.227709
7 -7 0.298789 -0.17638
7 -5 0.303981 -0.124775
7 -3 0.306022 -0.0754248
7 -1 0.308967 -0.0244389
7 1 0.308422 0.0251532
7 3 0.305881 0.0752168
7 5 0.303727 0.126006
7 7 0.299532 0.177581
7 9 0.29384 0.229236
7 11 0.284951 0.280513
7 13 0.27182 0.328276
7 15 0.25767 0.369786
7 17 0.23344 0.394123
7 19 0.207202 0.405051
7 21 0.175122 0.390797
7 23 0.146761 0.372759
7 25 0.124083 0.349258
7 27 0.114156 0.346331
7 29 0.109924 0.36044
7 31 0.109774 0.393578
7 33 0.107783 0.419906
7 35 0.0739756 0.299432
7 37 0.0301404 0.161353
7 39 0.024284 0.287318
7 41 0.0876493 0.256274
7 43 0.0211717 0.205652
7 45 0.044481 0.270901
7 47 0.0530833 0.300515
7 49 0.00689928 0.138323
7 51 0.105923 0.31718
7 53 -0.0315118 0.159487
7 55 0.0202225 0.100233
7 57 0.0277401 0.0216252
7 59 0.0282092 0.301932
9 -59 0.0339121 -0.185207
9 -57 0.040122 -0.182545
9 -55 0.0842035 -0.221389
9 -53 0.0899381 -0.0885782
9 -51 0.0500813 -0.302656
9 -49 0.0968347 -0.395831
9 -47 0.0493381 -0.131877
9 -45 0.022842 -0.128957
9 -43 0.0868797 -0.278491
9 -41 0.0256566 -0.158203
9 -39 0.0501162 -0.330116
9 -37 0.0768051 -0.190696
9 -35 0.0938199 -0.232929
9 -33 0.131505 -0.392177
9 -31 0.137035 -0.395062
9 -29 0.136632 -0.360476
9 -27 0.137983 -0.338498
9 -25 0.147106 -0.334112
9 -23 0.167578 -0.345168
9 -21 0.19398 -0.359153
9 -19 0.226006 -0.367126
9 -17 0.257093 -0.364827
9 -15 0.28481 -0.346709
9 -13 0.302865 -0.311441
9 -11 0.320244 -0.270812
9 -9 0.330372 -0.223448
9 -7 0.338378 -0.174526
9 -5 0.343422 -0.124412
9 -3 0.346276 -0.0751194
9 -1 0.346578 -0.0256169
9 1 0.347105 0.0243583
9 3 0.347098 0.0746859
9 5 0.342979 0.125397
9 7 0.338804 0.174687
9 9 0.330295 0.223116
9 11 0.320127 0.270008
9 13 0.304211 0.313533
9 15 0.285038 0.344944
9 17 0.25542 0.362215
9 19 0.223614 0.365186
9 21 0.190281 0.350457
9 23 0.167511 0.346319
9 25 0.147098 0.332938
9 27 0.138075 0.340337
9 29 0.136506 0.361908
9 31 0.133736 0.383047
9 33 0.126037 0.398119
9 35 0.0856238 0.19543
9 37 0.0703923 0.264761
9 39 0.0986337 0.246827
9 41 0.0178217 0.370389
9 43 0.022196 0.206278
9 45 0.080691 0.333789
9 47 0.0994121 0.46501
9 49 0.102002 0.186205
9 51 0.0358448 0.168107
9 53 0.0439817 0.156175
9 55 -0.00599996 0.0786371
9 57 0.0204314 0.209936
9 59 0.111186 0.156828
11 -59 0.0735313 -0.263362
11 -57 0.0396688 -0.128155
11 -55 0.0354683 -0.234508
11 -53 0.0866391 -0.352382
11 -51 -0.00621216 -0.255704
11 -49 0.0625338 -0.129538
11 -47 0.123172 -0.108088
11 -45 0.0244406 -0.176052
11 -43 0.0960445 -0.306281
11 -41 0.0243025 -0.164931
11 -39 0.0923833 -0.292218
11 -37 0.0541519 -0.166916
11 -35 0.070724 -0.248099
11 -33 0.141884 -0.345762
11 -31 0.1649 -0.394143
11 -29 0.165015 -0.365624
11 -27 0.167512 -0.341543
11 -25 0.168984 -0.319523
11 -23 0.183263 -0.318587
11 -21 0.206337 -0.323924
11 -19 0.233553 -0.327108
11 -17 0.268753 -0.329136
11 -15 0.29987 -0.315921
11 -13 0.322163 -0.288255
11 -11 0.344744 -0.255985
11 -9 0.358291 -0.214553
11 -7 0.369552 -0.169316
11 -5 0.374244 -0.121268
11 -3 0.378303 -0.0729821
11 -1 0.381313 -0.0237894
11 1 0.380471 0.0241749
11 3 0.378013 0.0730745
11 5 0.374657 0.12138
11 7 0.368223 0.169011
11 9 0.358008 0.214465
11 11 0.344112 0.256289
11 13 0.323139 0.289659
11 15 0.298564 0.315448
11 17 0.268207 0.329112
11 19 0.235766 0.330283
11 21 0.20635 0.323485
11 23 0.181673 0.316919
11 25 0.167569 0.317263
11 27 0.163374 0.335771
11 29 0.164677 0.362973
11 31 0.159908 0.389305
11 33 0.13643 0.353944
11 35 0.105514 0.272655
11 37 0.0569105 0.225783
11 39 0.0695881 0.214841
11 41 0.113834 0.274945
11 43 0.041419 0.240818
11 45 -0.00737294 0.147847
11 47 0.0234232 0.220823
11 49 0.0337649 0.0967715
11 51 0.0236062 0.127046
11 53 0.0483878 0.212537
11 55 -0.0198149 0.0535555
11 57 0.0701532 0.159671
11 59 0.0311273 0.151516
13 -59 0.0264358 -0.417302
13 -57 0.0307626 -0.0725939
13 -55 0.0435001 -0.37423
13 -53 0.0558148 -0.337838
13 -51 0.0922721 -0.258319
13 -49 -0.0198257 -0.0941948
13 -47 0.0823664 -0.231662
13 -45 0.00747322 -0.165838
13 -43 0.0818043 -0.231975
13 -41 0.0912574 -0.177794
13 -39 0.144306 -0.245634
13 -37 0.0814905 -0.254972
13 -35 0.0792037 -0.155542
13 -33 0.161905 -0.33914
13 -31 0.176487 -0.366041
13 -29 0.193575 -0.368516
13 -27 0.191429 -0.335782
13 -25 0.188511 -0.309629
13 -23 0.19962 -0.297521
13 -21 0.216169 -0.295161
13 -19 0.24032 -0.294002
13 -17 0.268273 -0.290292
13 -15 0.301174 -0.281874
13 -13 0.327962 -0.261353
13 -11 0.353225 -0.234435
13 -9 0.375279 -0.200721
13 -7 0.384363 -0.158374
13 -5 0.394753 -0.114626
13 -3 0.399799 -0.0692606
13 -1 0.403502 -0.0235627
13 1 0.405263 0.0237608
13 3 0.400914 0.0700896
13 5 0.395817 0.115125
13 7 0.386918 0.158596
13 9 0.371149 0.198025
13 11 0.354681 0.235399
13 13 0.326416 0.261233
13 15 0.29909 0.280288
13 17 0.269423 0.289842
13 19 0.237907 0.292191
13 21 0.216293 0.294207
13 23 0.199607 0.297196
13 25 0.192463 0.312139
13 27 0.1911 0.334935
13 29 0.194255 0.371981
13 31 0.185662 0.381682
13 33 0.148362 0.285461
13 35 0.083528 0.146039
13 37 0.0523236 0.185117
13 39 0.0883242 0.23929
13 41 0.0728825 0.209779
13 43 0.122555 0.278333
13 45 0.112669 0.301787
13 47 0.124806 0.202246
13 49 -0.0621608 0.0631333
13 51 0.0279925 0.251561
13 53 0.0179467 0.28726
13 55 -0.062635 0.0598307
13 57 0.0870525 0.198211
13 59 0.00788031 0.142281
15 -59 0.023408 -0.253976
15 -57 0.0579913 -0.38682
15 -55 0.0408238 -0.151699
15 -53 0.141615 -0.400657
15 -51 0.172069 -0.0371016
15 -49 0.0887376 -0.255046
15 -47 0.070907 -0.190796
15 -45 0.0245552 -0.104658
15 -43 0.107646 -0.190377
15 -41 0.0963037 -0.264014
15 -39 0.0645029 -0.248823
15 -37 0.0855245 -0.231355
15 -35 0.106045 -0.212952
15 -33 0.0993879 -0.188934
15 -31 0.180673 -0.323305
15 -29 0.214325 -0.361143
15 -27 0.218776 -0.336908
15 -25 0.21754 -0.308832
15 -23 0.218788 -0.286524
15 -21 0.230898 -0.277285
15 -19 0.246089 -0.267415
15 -17 0.267777 -0.258875
15 -15 0.292346 -0.245157
15 -13 0.321478 -0.230919
15 -11 0.348186 -0.208352
15 -9 0.370062 -0.179986
15 -7 0.388092 -0.145267
15 -5 0.397856 -0.105949
15 -3 0.404973 -0.0640216
15 -1 0.407928 -0.0224587
15 1 0.409096 0.020818
15 3 0.408069 0.0642391
15 5 0.397528 0.105945
15 7 0.389066 0.146278
15 9 0.369381 0.179833
15 11 0.350687 0.211351
15 13 0.321446 0.231059
15 15 0.294345 0.247414
15 17 0.266692 0.258492
15 19 0.245864 0.265934
15 21 0.230183 0.276414
15 23 0.218226 0.28632
15 25 0.215669 0.307977
15 27 0.221252 0.34061
15 29 0.217295 0.356362
15 31 0.197792 0.343024
15 33 0.111336 0.245214
15 35 0.094622 0.140488
15 37 0.136436 0.303785
15 39 0.0778443 0.171512
15 41 0.0471563 0.0953782
15 43 0.0337533 0.132239
15 45 0.10405 0.303162
15 47 0.108673 0.339841
15 49 0.108762 0.273387
15 51 0.00813904 0.109945
15 53 0.101304 0.270193
15 55 0.066097 0.322367
15 57 0.0293463 0.31724
15 59 0.028061 0.209882
17 -57 0.0350907 -0.192089
17 -55 0.118998 -0.247494
17 -53 0.0681677 -0.244377
17 -51 0.0534383 -0.0983991
17 -49 0.0494632 -0.0817698
17 -47 0.083286 -0.27812
17 -45 0.173528 -0.276914
17 -43 0.0590003 -0.140519
17 -41 0.176116 -0.221414
17 -39 0.0797012 -0.208641
17 -37 0.118364 -0.173121
17 -35 0.115892 -0.159314
17 -33 0.0932477 -0.141597
17 -31 0.171067 -0.291982
17 -29 0.22634 -0.340842
17 -27 0.244729 -0.335519
17 -25 0.242958 -0.306911
17 -23 0.247111 -0.287755
17 -21 0.245432 -0.261411
17 -19 0.253426 -0.245937
17 -17 0.27095 -0.234285
17 -15 0.286313 -0.216836
17 -13 0.307177 -0.201774
17 -11 0.331914 -0.182873
17 -9 0.354163 -0.158064
17 -7 0.370586 -0.126989
17 -5 0.389058 -0.0953883
17 -3 0.39544 -0.0573555
17 -1 0.401967 -0.020021
17 1 0.39695 0.018776
17 3 0.391829 0.0566295
17 5 0.384095 0.0947581
17 7 0.374481 0.127799
17 9 0.353831 0.157991
17 11 0.333537 0.183313
17 13 0.307263 0.200668
17 15 0.285177 0.21857
17 17 0.268403 0.233278
17 19 0.260805 0.252901
17 21 0.2509 0.266313
17 23 0.242451 0.282207
17 25 0.24479 0.307573
17 27 0.250591 0.340367
17 29 0.227374 0.352961
17 31 0.138134 0.220994
17 33 0.118072 0.207179
17 35 0.0819812 0.12453
17 37 0.0682484 0.120893
17 39 0.0834939 0.208877
17 41 0.0741992 0.0893289
17 43 0.034012 0.122033
17 45 0.109427 0.237588
17 47 0.124593 0.255534
17 49 0.0921249 0.322455
17 51 -0.00189271 0.0738004
17 53 0.104767 0.160686
17 55 0.0324865 0.116538
17 57 0.0949779 0.25463
17 59 0.0818492 0.221808
19 -59 0.0601386 -0.326016
19 -57 -0.00502312 -0.165405
19 -53 0.0139117 -0.0354467
19 -51 0.162135 -0.147663
19 -49 0.156359 -0.408982
19 -47 -0.100895 -0.0937565
19 -45 0.0557622 0.0585837
19 -43 0.0100149 -0.0810535
19 -41 0.175195 -0.228319
19 -39 0.117557 -0.244003
19 -37 0.0849875 -0.211457
19 -35 0.118749 -0.164715
19 -33 0.179669 -0.24828
19 -31 0.0981375 -0.164743
19 -29 0.192899 -0.257793
19 -27 0.24945 -0.316695
19 -25 0.265084 -0.3026
19 -23 0.26569 -0.277621
19 -21 0.267752 -0.256247
19 -19 0.270628 -0.235195
19 -17 0.281271 -0.219852
19 -15 0.287856 -0.198563
19 -13 0.304135 -0.182441
19 -11 0.316167 -0.160274
19 -9 0.334509 -0.137265
19 -7 0.347703 -0.110021
19 -5 0.363076 -0.0811724
19 -3 0.372631 -0.0498215
19 -1 0.373247 -0.0165166
19 1 0.37065 0.015231
19 3 0.370129 0.0497989
19 5 0.36131 0.0809545
19 7 0.349685 0.111175
19 9 0.335223 0.138252
19 11 0.320551 0.16065
19 13 0.301127 0.178977
19 15 0.287118 0.198622
19 17 0.279493 0.217601
19 19 0.270059 0.234532
19 21 0.273944 0.260818
19 23 0.272109 0.2856
19 25 0.273917 0.308579
19 27 0.244931 0.301492
19 29 0.227941 0.310003
19 31 0.141972 0.198916
19 33 0.108147 0.147288
19 35 0.118845 0.118991
19 37 0.128459 0.22263
19 39 0.0964256 0.286922
19 41 0.0870897 0.226809
19 43 0.169861 0.243091
19 45 0.041305 0.207872
19 47 0.109388 0.255372
19 49 0.111621 0.334455
19 51 0.0363503 0.153694
19 53 0.211531 0.337535
19 55 0.117133 -0.13126
19 57 0.100755 0.203928
19 59 0.0785999 0.341033
21 -59 -0.0834727 -0.0556945
21 -57 0.121641 -0.300007
21 -55 0.0879788 -0.173075
21 -53 0.0651506 -0.101209
21 -51 -0.0132403 -0.0860508
21 -49 0.117163 -0.220169
21 -47 0.0100936 -0.150072
21 -45 0.0802391 -0.131455
21 -43 0.275596 -0.345619
21 -41 0.0599297 -0.190665
21 -39 0.0634618 -0.212654
21 -37 0.0907669 -0.165191
21 -35 0.136495 -0.16578
21 -33 0.178512 -0.24693
21 -31 0.211798 -0.323777
21 -29 0.148173 -0.212327
21 -27 0.237924 -0.257948
21 -25 0.280265 -0.292108
21 -23 0.295295 -0.281108
21 -21 0.296457 -0.254061
21 -19 0.291076 -0.227883
21 -17 0.298222 -0.209512
21 -15 0.303277 -0.189028
21 -13 0.306546 -0.167912
21 -11 0.315946 -0.146277
21 -9 0.317908 -0.120921
21 -7 0.330414 -0.0974419
21 -5 0.338035 -0.0702446
21 -3 0.34627 -0.0426136
21 -1 0.347262 -0.0144257
21 1 0.345765 0.0143877
21 3 0.345851 0.0434231
21 5 0.340524 0.0713684
21 7 0.333782 0.0970214
21 9 0.325225 0.12284
21 11 0.314407 0.144009
21 13 0.308467 0.168205
21 15 0.303232 0.188665
21 17 0.297019 0.209329
21 19 0.296236 0.232309
21 21 0.298529 0.254005
21 23 0.295316 0.277633
21 25 0.287332 0.282544
21 27 0.237946 0.281459
21 29 0.156281 0.229418
21 31 0.0793851 0.117941
21 33 0.117075 0.17294
21 35 0.227148 0.304303
21 37 0.111405 0.179743
21 39 0.120066 0.203163
21 41 0.0618474 0.191498
21 43 0.0610028 0.02539
21 45 0.012077 0.118573
21 47 0.00629947 0.0911896
21 49 0.116645 0.2273
21 51 0.0404411 0.110215
21 53 0.0282596 0.172095
21 55 0.0951276 0.132662
21 57 0.0402193 0.0242762
21 59 0.0140416 0.236792
23 -59 0.224018 -0.301913
23 -57 0.217324 -0.28318
23 -55 0.114021 -0.13819
23 -53 0.191783 -0.273791
23 -51 0.0235778 -0.0765569
23 -49 0.127401 -0.198401
23 -47 0.196332 -0.489022
23 -45 0.0434461 -0.128189
23 -43 0.0668882 -0.155967
23 -41 0.0900503 -0.129567
23 -39 0.180245 -0.332615
23 -37 0.0989115 -0.143241
23 -35 0.154982 -0.22206
23 -33 0.129046 -0.188159
23 -31 0.118091 -0.13103
23 -29 0.137707 -0.156002
23 -27 0.193883 -0.240386
23 -25 0.258948 -0.252859
23 -23 0.301942 -0.261583
23 -21 0.320923 -0.253309
23 -19 0.326565 -0.231778
23 -17 0.320774 -0.202819
23 -15 0.324485 -0.183864
23 -13 0.32329 -0.159928
23 -11 0.323818 -0.136051
23 -9 0.330893 -0.113779
23 -7 0.334936 -0.0905214
23 -5 0.337832 -0.0653844
23 -3 0.338595 -0.039483
23 -1 0.335731 -0.0129667
23 1 0.345171 0.0136291
23 3 0.340396 0.0394139
23 5 0.335779 0.06498
23 7 0.332105 0.0886331
23 9 0.331016 0.11467
23 11 0.328044 0.138107
23 13 0.327234 0.162007
23 15 0.324135 0.182878
23 17 0.32502 0.208327
23 19 0.325058 0.229887
23 21 0.325694 0.255919
23 23 0.285083 0.252936
23 25 0.292972 0.300913
23 27 0.145415 0.183235
23 29 0.145041 0.111318
23 31 0.154458 0.111652
23 33 0.154968 0.137593
23 35 0.119655 0.193136
23 37 0.199358 0.218676
23 39 0.0835428 0.155206
23 41 0.106668 0.15414
23 43 0.0908194 0.135372
23 45 0.0564673 0.137756
23 47 0.0775118 0.0960669
23 49 0.0981531 0.131833
23 51 0.181212 0.21265
23 53 0.0258561 0.218467
23 55 0.159953 0.425404
23 57 0.0160263 0.17342
23 59 0.110709 0.225444
25 -59 -0.0190183 -0.156811
25 -57 0.0843327 -0.129247
25 -55 0.0471734 -0.174274
25 -53 0.181384 -0.347144
25 -51 0.307213 -0.208392
25 -49 0.333773 -0.487491
25 -47 0.177099 -0.414511
25 -45 -0.00806175 -0.146918
25 -43 0.0970435 -0.104403
25 -41 0.185581 -0.251948
25 -39 0.103372 -0.240171
25 -37 0.133566 -0.186677
25 -35 0.15462 -0.21764
25 -33 0.0753035 -0.0601163
25 -31 0.104926 -0.124762
25 -29 0.0924946 -0.118328
25 -27 0.187337 -0.144128
25 -25 0.155536 -0.128365
25 -23 0.229167 -0.1823
25 -21 0.317526 -0.236712
25 -19 0.343259 -0.225563
25 -17 0.346528 -0.202539
25 -15 0.345205 -0.176897
25 -13 0.358243 -0.160432
25 -11 0.351084 -0.134166
25 -9 0.351127 -0.108934
25 -7 0.353102 -0.0863355
25 -5 0.354246 -0.0617104
25 -3 0.349014 -0.0367804
25 -1 0.350522 -0.011912
25 1 0.351632 0.0121301
25 3 0.352316 0.0373777
25 5 0.35392 0.0611804
25 7 0.35778 0.0877533
25 9 0.35634 0.112318
25 11 0.356502 0.13557
25 13 0.36138 0.161397
25 15 0.351195 0.180828
25 17 0.35846 0.210065
25 19 0.340716 0.219294
25 21 0.304977 0.224257
25 23 0.307482 0.255756
25 25 0.19304 0.188832
25 27 0.241948 0.255095
25 29 0.111801 0.159609
25 31 0.124093 0.172144
25 33 0.0751326 0.121525
25 35 0.116999 0.172951
25 37 0.0339277 0.139469
25 39 0.0474751 0.116905
25 41 0.0656076 0.151041
25 43 0.167841 0.178982
25 45 -0.0259714 0.13549
25 47 0.121354 0.254941
25 49 0.25231 0.152855
25 51 0.104672 0.248533
25 53 0.028217 0.147534
25 55 -0.00872785 -0.0342071
25 57 0.247182 0.365713
25 59 0.104914 0.364597
27 -59 0.0387304 -0.237726
27 -57 0.115615 -0.153175
27 -55 -0.0257977 -0.116801
27 -53 0.13888 -0.201553
27 -51 0.147263 -0.131038
27 -49 0.0949006 -0.168167
27 -47 0.0271314 -0.152666
27 -45 0.0988428 -0.133526
27 -43 0.0303749 -0.102455
27 -41 0.0763993 -0.198149
27 -39 0.152673 -0.146353
27 -37 0.0727674 -0.110498
27 -35 0.163218 -0.194527
27 -33 0.167996 -0.244429
27 -31 0.0936651 -0.112066
27 -29 0.134814 -0.1232
27 -27 0.0932261 -0.0890183
27 -25 0.268891 -0.237568
27 -23 0.16881 -0.148141
27 -21 0.249922 -0.162266
27 -19 0.296175 -0.17824
27 -17 0.342671 -0.190201
27 -15 0.361019 -0.170404
27 -13 0.371636 -0.15079
27 -11 0.374145 -0.131691
27 -9 0.385646 -0.110992
27 -7 0.375962 -0.0829524
27 -5 0.385213 -0.061894
27 -3 0.38049 -0.0364593
27 -1 0.381153 -0.0117149
27 1 0.378461 0.0122023
27 3 0.375214 0.03625
27 5 0.379451 0.0599808
27 7 0.377946 0.0838985
27 9 0.377449 0.107164
27 11 0.387088 0.135413
27 13 0.373447 0.155286
27 15 0.367212 0.17697
27 17 0.350769 0.192793
27 19 0.318027 0.178434
27 21 0.274221 0.197237
27 23 0.163709 0.17101
27 25 0.130351 0.115136
27 27 0.0970974 0.133575
27 29 0.164177 0.134931
27 31 0.114296 0.0776535
27 33 0.101021 0.0877869
27 35 0.185745 0.125008
27 37 0.101509 0.195391
27 39 0.0792661 0.102872
27 41 0.0741666 0.150886
27 43 0.172838 0.210992
27 45 0.141133 0.283735
27 47 0.229401 0.268528
27 49 0.102749 0.252907
27 51 0.086736 0.114467
27 53 0.0278659 0.0385274
27 55 0.0388398 0.143673
27 57 0.404456 0.555527
27 59 0.100926 0.173533
29 -59 0.214109 -0.596083
29 -57 0.0698966 -0.124662
29 -55 -0.135303 -0.13517
29 -53 -0.000665146 -0.104007
29 -51 0.117595 -0.105893
29 -49 0.13948 -0.124407
29 -47 0.368013 -0.26203
29 -45 0.152386 -0.0221163
29 -43 0.0746502 -0.16954
29 -41 -0.00490223 0.0268225
29 -39 0.162009 -0.233133
29 -37 0.112363 -0.160947
29 -35 0.125084 -0.157868
29 -33 0.117412 -0.112336
29 -31 0.231788 -0.200455
29 -29 0.246711 -0.237145
29 -27 0.148827 -0.072269
29 -25 0.190476 -0.152428
29 -23 0.203129 -0.151642
29 -21 0.267663 -0.153645
29 -19 0.213047 -0.147829
29 -17 0.302361 -0.167644
29 -15 0.290469 -0.13027
29 -13 0.371948 -0.140468
29 -11 0.386193 -0.121821
29 -9 0.402672 -0.104608
29 -7 0.405869 -0.0806073
29 -5 0.41087 -0.0599203
29 -3 0.405962 -0.0360612
29 -1 0.409955 -0.0143672
29 1 0.403676 0.0138559
29 3 0.405717 0.0347609
29 5 0.397159 0.0562858
29 7 0.398314 0.082783
29 9 0.38764 0.107645
29 11 0.382286 0.125111
29 13 0.386369 0.145071
29 15 0.364321 0.162483
29 17 0.282152 0.146632
29 19 0.264732 0.157697
29 21 0.181795 0.104984
29 23 0.186927 0.120743
29 25 0.164291 0.114425
29 27 0.155579 0.14403
29 29 0.129257 0.107859
29 31 0.301359 0.265928
29 33 0.134352 0.186686
29 35 0.144691 0.127095
29 37 0.240487 0.203447
29 39 0.0887465 0.190622
29 41 0.0767956 0.0936007
29 43 0.148931 0.166413
29 45 0.0143721 0.151238
29 47 0.0974313 -0.00174408
29 49 0.202524 0.252137
29 51 0.037482 0.0982086
29 53 0.027816 0.0408148
29 55 0.0980401 0.199052
29 57 0.0136815 0.164227
31 -59 0.0423692 -0.117411
31 -57 0.0577294 -0.165591
31 -55 0.0787094 -0.363339
31 -51 0.0222076 -0.0828057
31 -49 0.173388 -0.207083
31 -47 0.15698 -0.0666796
31 -45 0.210987 -0.256919
31 -43 0.216039 -0.0133542
31 -41 0.158177 -0.255396
31 -39 0.152476 -0.0713299
31 -37 0.147264 -0.0805966
31 -35 0.0563113 -0.0837008
31 -33 0.182794 -0.0456488
31 -31 0.176148 -0.131191
31 -29 0.153058 -0.104066
31 -27 0.0931367 -0.0979452
31 -25 0.089351 -0.138952
31 -23 0.170281 -0.164519
31 -21 0.208962 -0.0996547
31 -19 0.127174 -0.105973
31 -17 0.183858 -0.109916
31 -15 0.219756 -0.117198
31 -13 0.270042 -0.0961317
31 -11 0.329941 -0.101679
31 -9 0.297673 -0.0733364
31 -7 0.343285 -0.0717113
31 -5 0.374109 -0.0520528
31 -3 0.364632 -0.0309184
31 -1 0.373414 -0.0113829
31 1 0.378594 0.011761
31 3 0.411009 0.0314198
31 5 0.367719 0.0457202
31 7 0.385211 0.0753681
31 9 0.343175 0.0809959
31 11 0.32471 0.100746
31 13 0.266489 0.108737
31 15 0.230239 0.118667
31 17 0.113918 0.0920905
31 19 0.103296 0.0578141
31 21 0.148126 0.101015
31 23 0.202745 0.122624
31 25 0.130219 0.0292878
31 27 0.216518 0.203857
31 29 0.141149 0.144557
31 31 0.277107 0.139341
31 33 0.114216 0.0785035
31 35 0.102386 0.0907206
31 37 0.0990716 0.127634
31 39 0.287524 0.198311
31 41 0.0401646 0.166525
31 43 0.205381 0.00823543
31 45 0.0506406 0.108687
31 47 0.184604 0.300514
31 49 0.0812329 0.165409
31 51 0.0293774 0.049488
31 53 0.0777798 0.0934557
31 55 0.217449 0.337051
31 57 0.168525 0.128891
33 -59 0.038278 -0.134097
33 -57 0.133352 -0.302075
33 -55 0.10411 -0.0856675
33 -53 0.0255931 -0.274243
33 -51 -0.0964941 0.017942
33 -49 0.185477 -0.111465
33 -47 0.24497 -0.127643
33 -45 0.184828 -0.150243
33 -43 0.114924 -0.143837
33 -41 0.179 -0.174351
33 -39 0.165156 -0.0685995
33 -37 0.110119 -0.146937
33 -35 0.145351 -0.175615
33 -33 0.092452 -0.125515
33 -31 0.0833989 -0.0903643
33 -29 0.152007 -0.123498
33 -27 0.2291 -0.145443
33 -25 0.154315 -0.138256
33 -23 0.190412 -0.215323
33 -21 0.186962 -0.11133
33 -19 0.169296 -0.0907332
33 -17 0.128463 -0.0942838
33 -15 0.0956609 -0.0439668
33 -13 0.212423 -0.0836865
33 -11 0.311948 -0.0878441
33 -9 0.272751 -0.0888
33 -7 0.278963 -0.0519466
33 -5 0.239981 -0.0320684
33 -3 0.275221 -0.0252156
33 -1 0.256138 -0.00719808
33 1 0.274564 0.0121595
33 3 0.266515 0.0205551
33 5 0.241573 0.0311019
33 7 0.223655 0.0485553
33 9 0.172442 0.0710233
33 11 0.171811 0.0511243
33 13 0.146022 0.0196036
33 15 0.253215 0.0902683
33 17 0.105663 0.0034531
33 19 0.0847311 0.0466666
33 21 0.129857 0.00862909
33 23 0.258569 0.142845
33 25 0.193474 0.13961
33 27 0.14024 0.110801
33 29 0.119317 0.169101
33 31 0.090804 0.161896
33 33 0.146854 0.11847
33 35 0.169476 0.167928
33 37 0.240459 0.187073
33 39 0.200383 0.103005
33 41 0.146259 0.154847
33 43 0.077908 0.208108
33 45 0.120641 0.0486193
33 47 0.0821357 0.0642165
33 49 0.0626453 0.146981
33 51 0.301038 0.531936
33 53 0.00512363 0.105845
33 55 0.274508 0.0432362
33 57 0.03178 0.127315
33 59 0.0393232 0.0759295
35 -59 0.14916 -0.250395
35 -57 0.0760766 0.00510358
35 -55 0.160438 -0.229386
35 -53 -0.0794511 0.205833
35 -51 0.263414 -0.236392
35 -49 0.0675767 -0.0240547
35 -47 0.148493 -0.120686
35 -45 0.110329 -0.116131
35 -43 0.0600899 -0.0668889
35 -41 0.0667466 -0.159665
35 -39 0.125374 -0.26219
35 -37 0.156661 -0.124863
35 -35 0.279936 -0.393202
35 -33 0.189646 -0.302772
35 -31 0.175638 -0.225628
35 -29 0.108438 -0.117511
35 -27 0.199155 -0.0991008
35 -25 0.154084 -0.056885
35 -23 0.160729 -0.0406033
35 -21 0.237936 -0.12949
35 -19 0.229848 -0.131918
35 -17 0.080902 -0.102182
35 -15 0.200853 -0.0496407
35 -13 0.30734 -0.0813558
35 -11 0.282506 -0.100178
35 -9 0.193626 -0.0311438
35 -7 0.223291 -0.0368198
35 -5 0.149332 -0.0380101
35 -3 0.181218 -0.00873419
35 -1 0.179983 -0.0131091
35 1 0.239757 0.0175763
35 3 0.240605 -0.00861547
35 5 0.186051 0.0211885
35 7 0.153859 0.00960664
35 9 0.181705 0.0251255
35 11 0.273279 0.0836258
35 13 0.139015 0.0838084
35 15 0.210078 0.114445
35 17 0.106327 0.0306486
35 19 0.101739 0.00555164
35 21 0.114449 0.0168579
35 23 0.211987 0.125673
35 25 0.0928479 0.0829759
35 27 0.167434 0.141461
35 29 0.0989928 0.0431204
35 31 -0.00266816 0.0815013
35 33 0.0819258 0.200953
35 35 0.228107 0.143735
35 37 0.1935 0.0259291
35 39 0.0859505 0.144091
35 41 0.0418945 0.13573
35 43 -0.0306368 0.0780142
35 45 0.166301 0.137363
35 47 0.201168 0.185199
35 49 0.0688198 0.262672
35 51 0.0862139 0.0867133
35 53 0.231255 0.272072
35 55 -0.0271714 0.150868
35 57 0.197604 0.369007
35 59 0.129429 0.191953
37 -59 0.255086 -0.277698
37 -57 0.00703044 -0.00318113
37 -55 0.0517216 -0.269538
37 -53 0.163669 -0.142985
37 -51 -0.0287129 -0.171897
37 -49 0.0519633 -0.104802
37 -47 0.0912558 0.0136498
37 -45 0.0505017 -0.0757485
37 -43 0.178337 -0.26104
37 -41 0.0715958 -0.0953265
37 -39 0.1622 -0.0820429
37 -37 0.166608 -0.189598
37 -35 0.202611 -0.290408
37 -33 0.11387 -0.0709215
37 -31 0.13993 -0.0852227
37 -29 0.305467 -0.246149
37 -27 0.431128 -0.245726
37 -25 0.211981 -0.0997663
37 -23 0.196068 -0.101405
37 -21 0.203312 -0.0768186
37 -19 0.287978 -0.166269
37 -17 0.194606 -0.103902
37 -15 0.211878 0.012034
37 -13 0.114215 -0.0543172
37 -11 0.17213 -0.0679307
37 -9 0.25649 -0.0249222
37 -7 0.217682 -0.0681957
37 -5 0.10267 0.0128776
37 -3 0.210697 -0.0220791
37 -1 0.262432 0.0176392
37 1 0.226748 0.00215169
37 3 0.202593 0.0124121
37 5 0.232508 0.0532655
37 7 0.209013 0.0150467
37 9 0.183408 0.105589
37 11 0.0948278 0.0335119
37 13 0.0718696 0.0457176
37 15 0.264074 0.127939
37 17 0.189772 0.0532604
37 19 0.0950136 0.0625244
37 21 0.157284 0.0658768
37 23 0.23054 0.0690287
37 25 0.0714355 0.0302066
37 27 0.251114 0.155521
37 29 0.0688954 0.0829656
37 31 0.212566 0.147293
37 33 0.0812999 0.131302
37 35 0.128323 0.0951582
37 37 0.100448 0.102297
37 39 0.0819138 0.0995466
37 41 0.120348 0.20329
37 43 0.145572 0.10858
37 45 0.115938 0.170294
37 47 0.14703 0.155674
37 49 0.303348 0.241744
37 51 0.03586 0.401899
37 55 -0.184779 0.0790525
37 57 0.193838 0.198187
37 59 -0.175964 0.134202
39 -59 0.0166142 -0.202816
39 -57 0.197456 -0.176162
39 -55 -0.056417 -0.0534902
39 -53 0.190853 -0.266429
39 -51 0.46071 -0.628342
39 -49 0.129871 -0.166366
39 -47 0.233112 -0.199203
39 -45 0.287117 -0.26451
39 -43 0.173005 -0.200133
39 -41 0.130761 -0.0651648
39 -39 -0.0916212 -0.0681352
39 -37 0.00157408 -0.0606671
39 -35 0.089238 -0.0587178
39 -33 0.102748 -0.0901968
39 -31 0.330841 -0.178526
39 -29 0.0089097 -0.0481177
39 -27 0.131717 -0.0854565
39 -25 0.0554358 -0.109015
39 -23 0.309916 -0.0346656
39 -21 0.24284 -0.108109
39 -19 0.242754 -0.122186
39 -17 0.265902 -0.0918844
39 -15 0.269814 -0.0898187
39 -13 0.170397 -0.0495386
39 -11 0.227238 -0.0876622
39 -9 0.145246 -0.0621357
39 -7 0.150436 -0.0541213
39 -5 0.177929 0.0165762
39 -3 0.356363 -0.0591596
39 -1 0.22046 0.0102107
39 1 0.177731 -0.0341231
39 3 0.165712 0.0600059
39 5 0.256916 0.0179818
39 7 0.220992 -0.0027405
39 9 0.268206 0.0168029
39 11 0.146669 0.0227444
39 13 0.316889 0.0693814
39 15 0.389331 0.143956
39 17 0.12739 0.0481845
39 19 0.144057 0.0987847
39 21 0.165015 0.0475891
39 23 0.0795799 0.106883
39 25 0.117842 0.0506632
39 27 0.148264 0.0634736
39 29 0.0531148 0.00410494
39 31 0.115722 0.113581
39 33 0.184126 0.0944121
39 35 0.202832 0.172547
39 37 0.0709746 0.129275
39 39 0.155996 0.0485501
39 41 0.162338 0.0787467
39 43 0.114784 0.150108
39 45 0.112236 0.103229
39 47 0.0926292 0.176413
39 51 0.116329 0.100465
39 53 0.0113485 0.109274
39 55 0.0435572 -0.169315
39 59 0.0887457 0.0257687
41 -59 -0.0940858 -0.0768988
41 -57 0.0987212 -0.0507915
41 -55 0.169809 -0.114905
41 -53 -0.0271909 -0.111141
41 -51 0.00484591 -0.0877196
41 -49 0.128587 -0.266243
41 -47 0.204353 -0.109616
41 -45 0.227009 -0.246483
41 -43 -0.0550617 -0.184278
41 -41 0.129701 -0.228285
41 -39 0.235734 -0.214191
41 -37 0.251504 -0.207617
41 -35 0.28159 -0.374553
41 -33 0.159623 -0.1045
41 -31 0.183916 -0.140056
41 -29 0.244684 -0.0820606
41 -27 0.25008 -0.154865
41 -25 0.235951 -0.0362626
41 -23 0.096812 -0.0388504
41 -21 0.296802 -0.0895742
41 -19 0.144322 -0.0174127
41 -17 0.121351 -0.0835503
41 -15 0.268151 -0.0758285
41 -13 0.350629 -0.176234
41 -11 0.198189 -0.0246984
41 -9 0.324094 -0.0540496
41 -7 0.159995 0.0143456
41 -5 0.139626 -0.00870411
41 -3 0.176199 -0.0035622
41 -1 0.239099 -0.0143224
41 1 0.163235 -0.0148176
41 3 0.190552 0.0615276
41 5 0.0940002 0.0623637
41 7 0.209256 0.0590163
41 9 0.173438 0.0299451
41 11 0.224777 0.113501
41 13 0.312468 0.0707588
41 15 0.211843 0.0934752
41 17 0.0976951 0.0995097
41 19 0.110901 0.000486782
41 21 0.263157 0.134434
41 23 0.131834 0.110817
41 25 0.18129 0.0314221
41 27 0.130925 0.0828068
41 29 0.396129 0.106087
41 31 0.179679 0.188523
41 33 0.116764 0.0836164
41 35 0.140832 0.135578
41 37 0.20402 0.175192
41 39 0.145766 0.0806315
41 43 0.125884 0.172286
41 45 0.0703555 -0.0155863
41 47 0.228523 0.246868
41 49 0.135302 0.108212
41 51 0.172749 0.182687
41 53 0.329355 0.427149
41 55 0.034129 0.26104
41 57 0.0547862 0.0120063
41 59 0.0453864 0.0598201
43 -59 0.195425 -0.295893
43 -57 0.141454 -0.0160927
43 -55 0.167297 -0.35679
43 -53 0.223297 -0.310581
43 -51 0.232977 -0.0578388
43 -49 0.0909824 -0.21129
43 -47 0.217487 -0.0797734
43 -45 0.18294 -0.192599
43 -43 0.288459 -0.177278
43 -41 0.17461 -0.0638478
43 -39 0.124533 -0.214149
43 -37 0.278105 -0.193442
43 -35 0.153611 -0.049505
43 -33 0.3692 -0.177594
43 -31 0.0860164 0.0799905
43 -29 0.226183 -0.191915
43 -27 0.220605 -0.136765
43 -25 0.198453 -0.0490606
43 -23 0.0597605 -0.0884489
43 -21 0.228768 -0.151107
43 -19 0.155323 -0.0454088
43 -17 0.234969 -0.0164543
43 -15 0.157749 -0.00172174
43 -13 0.205697 -0.0446412
43 -11 0.155005 -0.0856421
43 -9 0.214264 -0.0387259
43 -7 0.100067 -0.068253
43 -5 0.372894 -0.00951377
43 -3 0.229248 -0.00948544
43 -1 0.345497 0.0693642
43 1 0.271105 0.0437597
43 3 0.411895 -0.0364283
43 5 0.160351 0.0411199
43 7 0.206279 0.0348795
43 9 0.0961867 0.0379141
43 11 0.160003 0.0443534
43 13 0.17921 0.0807054
43 15 0.0586979 0.110523
43 17 0.172135 0.0702844
43 19 0.316968 0.261582
43 21 0.14125 0.0761601
43 23 0.293369 0.134215
43 25 0.21354 0.200603
43 27 0.197346 0.127829
43 29 0.185184 0.17517
43 31 0.198382 0.147344
43 33 0.282619 0.17014
43 35 0.52766 0.320983
43 37 0.104617 0.0994135
43 39 0.0714114 -0.0309201
43 41 0.203731 0.187885
43 43 0.296759 0.129102
43 45 0.20687 0.181862
43 47 0.0681625 0.0768615
43 49 0.0526887 0.047943
43 51 0.179388 0.264477
43 55 0.0902609 0.0995256
43 57 0.204411 0.089613
45 -59 0.129492 -0.242557
45 -57 0.457168 -0.294035
45 -55 0.301093 -0.276541
45 -53 0.13427 -0.0686563
45 -51 0.24517 -0.190108
45 -49 0.206786 -0.0680816
45 -47 0.211101 -0.338995
45 -45 0.0622978 -0.224674
45 -43 0.246802 -0.157877
45 -41 0.102977 -0.152498
45 -37 0.142316 -0.159576
45 -35 0.093417 -0.208776
45 -33 0.284712 -0.168434
45 -31 0.765307 -0.515442
45 -29 0.165796 -0.0100811
45 -27 0.283429 -0.138263
45 -25 0.154407 -0.0837274
45 -23 0.0731223 -0.142309
45 -21 0.149414 -0.0360113
45 -19 0.300225 -0.137178
45 -17 0.198089 -0.0725929
45 -15 0.288887 -0.0149119
45 -13 0.172659 -0.0248652
45 -11 0.140716 0.0134076
45 -9 0.316498 -0.00460945
45 -7 0.182842 -0.0252392
45 -5 0.078651 -0.0241881
45 -3 0.0653182 0.00619858
45 -1 0.157468 -0.0226156
45 1 0.219409 0.0281704
45 3 0.186341 -0.0273034
45 5 0.157835 -0.014474
45 7 0.150348 0.0326652
45 9 0.0598148 -0.0993858
45 11 0.179033 0.0767081
45 13 0.284449 0.0968825
45 15 0.184 0.14594
45 17 0.20628 -0.0171954
45 19 0.179811 0.113449
45 21 0.221182 0.110281
45 23 0.13017 0.056507
45 25 0.169808 0.0691897
45 27 0.162733 0.0675923
45 29 0.285078 0.140038
45 31 0.0585386 0.0198826
45 33 0.0905618 0.0712017
45 35 -0.0348621 -0.0192297
45 37 0.197546 0.150151
45 39 0.12996 0.163313
45 41 0.00723213 0.126692
45 43 0.325432 -0.0080832
45 45 0.024045 0.0418565
45 47 0.0701416 0.140009
45 49 0.0335426 0.0364547
45 51 0.0661936 -0.073966
45 55 0.0191713 0.020634
45 57 0.222223 0.131336
45 59 0.212291 0.013509
47 -59 0.261781 -0.255637
47 -57 0.237822 -0.29694
47 -55 0.205863 -0.223387
47 -51 0.0758376 -0.0631637
47 -47 0.23798 -0.295739
47 -45 0.0636341 -0.29153
47 -43 0.0682164 -0.00158083
47 -41 0.0610428 -0.198821
47 -39 0.249463 -0.168264
47 -37 0.214833 -0.0803226
47 -35 0.184402 -0.0536635
47 -33 0.0954031 -0.0356156
47 -31 0.259089 -0.154748
47 -29 0.0997933 -0.144098
47 -27 0.179036 -0.0231289
47 -25 0.148979 -0.128416
47 -23 0.215037 -0.0498122
47 -21 0.230613 -0.160791
47 -19 0.15074 -0.0959301
47 -17 0.109211 -0.171008
47 -15 0.350211 -0.198106
47 -13 0.0376121 0.00373046
47 -11 0.24763 -0.0335275
47 -9 0.153728 -0.040478
47 -7 0.351114 -0.116475
47 -5 0.176989 0.00602475
47 -3 0.114997 -0.0661312
47 -1 0.121955 -0.0140481
47 1 0.192709 -0.0283868
47 3 0.180767 0.0575755
47 5 0.105726 0.0908929
47 7 0.0930736 0.0630272
47 9 0.293521 0.0264004
47 11 0.263976 0.0364178
47 13 0.144524 0.109473
47 15 0.218126 0.131444
47 17 0.19943 0.0396923
47 19 0.370778 0.203559
47 21 0.151814 0.0680031
47 23 0.486099 0.143987
47 25 0.248809 0.131596
47 27 0.256457 0.0199297
47 29 0.0667109 0.0393109
47 31 0.182336 0.175822
47 33 0.10364 0.143332
47 35 0.0394364 0.0271375
47 39 0.0387363 -0.0515251
47 41 0.138648 0.0884448
47 43 0.43854 0.378797
47 45 0.12196 0.155799
47 47 0.222141 0.193676
47 49 0.00118653 0.0611343
47 51 0.0524413 0.243267
47 55 0.10356 0.0533344
47 57 0.112504 0.318261
47 59 0.271575 0.298628
49 -57 0.339435 -0.0763622
49 -55 0.156262 -0.0678827
49 -51 0.206317 -0.21589
49 -47 0.0538832 -0.338527
49 -45 0.115769 -0.186384
49 -41 0.33031 -0.00240093
49 -39 0.18412 -0.080864
49 -35 0.201608 0.0120712
49 -33 0.130677 -0.0615518
49 -31 0.274422 0.0302419
49 -29 0.210194 -0.110075
49 -27 0.134988 0.0469159
49 -25 0.157393 -0.0742757
49 -23 0.416514 -0.0970253
49 -21 0.00657613 0.0344904
49 -19 0.271767 -0.267869
49 -17 0.0554017 -0.0683105
49 -15 0.126174 -0.140841
49 -13 0.188468 -0.095972
49 -11 0.0669142 -0.0421892
49 -9 0.265387 -0.0261094
49 -7 0.192408 -0.141903
49 -5 0.104282 0.0292632
49 -3 0.0906793 -0.129058
49 -1 0.00768744 0.0513286
49 1 0.207878 -0.0592465
49 3 0.139461 -0.0387324
49 5 0.282682 0.00734622
49 7 0.109995 0.00945346
49 9 0.279691 0.0671326
49 11 0.0708647 -0.0217033
49 13 0.172115 0.0516504
49 15 0.239745 0.0233448
49 17 0.231546 0.0463125
49 19 0.161892 0.0935742
49 21 0.33605 0.040703
49 23 0.22372 0.0350429
49 25 0.171341 0.0824576
49 27 -0.0197269 0.0994936
49 29 0.139998 0.120231
49 31 0.156108 0.190168
49 33 0.246478 0.0050566
49 35 0.137649 0.0997291
49 37 0.295677 0.145082
49 41 0.0691095 0.180084
49 45 0.183985 -0.00153314
49 47 0.224564 0.171106
49 49 -0.0200938 0.293621
49 51 0.0599405 0.217815
49 55 0.241368 0.253913
49 57 0.130097 0.0757175
49 59 0.146418 0.243185
51 -59 -0.0804577 -0.0430578
51 -57 0.184313 -0.1636
51 -55 0.0350098 -0.310863
51 -51 0.293338 -0.223239
51 -49 0.166589 -0.142629
51 -47 0.0537132 -0.0794133
51 -45 0.127681 -0.133396
51 -43 -0.0350399 0.0356873
51 -41 0.304263 -0.13638
51 -39 0.292019 -0.0452261
51 -37 -0.0696046 -0.0829144
51 -35 0.0155485 -0.0735312
51 -33 0.240895 -0.223673
51 -31 0.00758042 -0.0753579
51 -29 0.313841 -0.178189
51 -27 0.113093 -0.0178964
51 -25 0.215038 -0.178547
51 -23 0.293534 -0.137336
51 -21 0.236826 -0.0849416
51 -19 0.450622 -0.17536
51 -17 0.133892 0.0285909
51 -15 0.191846 -0.11054
51 -13 0.168265 -0.13859
51 -11 0.186796 -0.082684
51 -9 0.373549 -0.0634232
51 -7 0.18137 -0.207519
51 -5 0.197477 -0.00946328
51 -3 0.209271 -0.0385976
51 -1 0.146261 0.0240798
51 1 0.0806047 -0.033548
51 3 0.410045 0.0333966
51 5 0.211548 0.0181934
51 7 0.285832 0.134625
51 9 0.150787 0.110535
51 11 0.180389 -0.0751981
51 13 0.0421945 0.0119545
51 15 0.0468524 -0.0107243
51 17 0.186389 0.0608136
51 19 0.052462 0.0739256
51 21 0.0966648 -0.0570828
51 23 0.195063 0.042716
51 25 0.114872 0.0623519
51 27 0.321471 0.186577
51 29 0.0696131 0.102461
51 31 0.0283171 0.0804018
51 33 0.173924 0.199895
51 35 0.0587385 0.0367652
51 37 0.10567 0.00701507
51 39 0.0388576 0.0535566
51 43 0.178841 0.174326
51 45 0.0954254 0.0503112
51 49 0.0845443 0.00688725
51 51 0.111673 0.134787
51 55 0.371472 0.189595
51 57 0.076527 -0.112804
51 59 0.154548 0.085343
53 -59 0.0691413 0.00817132
53 -57 0.163581 -0.281947
53 -51 -0.126916 -0.109343
53 -49 0.0969982 -0.0735289
53 -47 0.0929024 -0.0760038
53 -43 0.348555 -0.17734
53 -41 0.119496 -0.106535
53 -39 0.529122 -0.331684
53 -37 0.14858 -0.157814
53 -35 0.0770304 -0.399033
53 -33 0.338383 -0.0980372
53 -31 0.272231 -0.357413
53 -29 0.139743 -0.00946482
53 -27 0.225469 -0.122847
53 -25 -0.00701351 -0.0615418
53 -23 0.144755 -0.110717
53 -21 0.441033 -0.147048
53 -19 0.0919436 -0.0378692
53 -17 0.0524557 -0.053398
53 -15 0.104284 -0.0331771
53 -13 0.145435 -0.119128
53 -11 0.370307 0.247419
53 -7 0.17598 -0.0012117
53 -5 0.00911884 0.0933102
53 -3 0.171627 -0.105705
53 -1 0.400986 -0.023274
53 1 0.255738 0.0444364
53 3 0.13043 0.00153569
53 5 0.197997 0.0389454
53 7 0.128661 -0.00557512
53 9 0.17602 0.0594724
53 11 0.302355 0.0422965
53 13 0.229501 0.117071
53 15 0.146648 -0.00624728
53 17 0.272537 0.118684
53 19 0.322352 0.0708444
53 23 0.130065 0.0315487
53 25 0.483398 0.181265
53 27 0.247881 0.073519
53 29 0.173508 -0.0914301
53 31 0.172383 0.140604
53 33 0.275963 0.150208
53 35 0.192262 0.120939
53 37 0.204389 0.0641277
53 39 0.0976388 0.0138084
53 41 0.210536 0.0899294
53 43 0.188021 0.0300548
53 45 -0.0520505 0.0564931
53 47 -0.111158 0.145115
53 49 0.036232 0.00115985
53 51 0.149095 0.00481923
53 53 -0.166425 0.209308
53 55 0.219582 -0.0752335
53 57 0.303706 0.0741516
53 59 0.0469335 0.125664
55 -59 0.148589 -0.0712216
55 -57 0.0985964 0.00700275
55 -49 0.00271451 -0.0418279
55 -47 0.06441 -0.00399771
55 -45 0.184926 -0.112673
55 -41 0.177098 -0.0397852
55 -39 0.011325 -0.0561431
55 -37 0.586717 -0.27321
55 -35 0.0637151 -0.102257
55 -33 0.229894 0.0135396
55 -31 0.279937 -0.0969446
55 -29 0.203186 -0.031341
55 -27 0.0867723 -0.0320295
55 -25 0.0880806 0.0382425
55 -23 0.199373 0.000696973
55 -21 0.112257 0.0344988
55 -19 0.0117046 -0.117426
55 -17 0.322807 -0.109257
55 -15 0.0660134 -0.0269388
55 -13 0.125634 0.0256266
55 -11 0.208567 -0.029324
55 -9 0.0444286 0.00140638
55 -7 0.337009 -0.0792886
55 -5 0.336836 -0.0490891
55 -3 0.298977 0.10791
55 -1 0.159251 -0.0404179
55 1 0.0229937 0.0561374
55 3 0.302245 -0.0515143
55 5 0.219703 -0.00247025
55 7 0.314279 0.04016
55 9 0.454661 0.0263654
55 11 0.1352 -0.00931041
55 13 0.370242 0.164021
55 15 0.237507 -0.131828
55 17 0.127005 0.10651
55 19 0.0443796 0.0948836
55 21 0.118979 0.0253804
55 23 0.189311 0.0705669
55 25 0.134905 0.00269748
55 27 0.526384 0.177985
55 29 0.297537 0.243066
55 31 0.791543 0.32906
55 33 0.160918 0.0816087
55 35 -0.0512348 0.0645603
55 37 0.236654 0.132176
55 39 0.238387 0.211388
55 41 0.141703 0.0653073
55 43 0.207804 0.172516
55 45 0.0208951 0.0266052
55 49 0.13919 0.0483842
55 53 0.0518135 0.241977
55 55 0.0905251 0.152091
55 57 0.0525632 0.266167
55 59 0.106336 0.188541
57 -57 0.0917687 -0.189657
57 -55 0.222447 0.00112777
57 -53 -0.0518641 -0.0815064
57 -51 0.075854 -0.0284167
57 -49 0.081034 -0.238692
57 -47 0.224846 -0.102206
57 -45 0.565832 -0.110662
57 -43 0.106493 -0.275669
57 -41 0.13826 -0.0343169
57 -39 0.0685629 -0.0565769
57 -37 0.142131 -0.13608
57 -33 0.12786 -0.0667829
57 -31 0.182613 -0.0468547
57 -29 0.181679 -0.0178771
57 -27 0.263896 -0.0297799
57 -25 0.145765 0.0229069
57 -23 0.222038 -0.09452
57 -21 0.193543 -0.0831935
57 -19 0.0979918 -0.0156357
57 -17 0.308632 -0.0708593
57 -15 0.10604 -0.0664072
57 -13 0.129648 -0.0765636
57 -11 0.127894 0.247181
57 -9 0.18297 0.0185654
57 -7 0.251391 -0.0225397
57 -5 0.181457 -0.0997179
57 -3 0.179343 0.0388458
57 -1 0.255983 0.0210744
57 1 0.262282 0.0658382
57 3 0.194469 -0.0165693
57 5 0.232261 -0.0179436
57 7 0.0735293 0.050547
57 9 0.0459492 -0.059625
57 11 0.288616 0.178519
57 13 0.163346 0.00615245
57 15 0.116056 -0.12946
57 17 0.191651 0.0524034
57 19 0.19853 0.0773587
57 21 0.0264972 -0.0539015
57 23 0.104908 0.00555657
57 25 0.236687 0.107633
57 27 0.214575 0.198188
57 29 0.189074 0.00539962
57 31 0.28479 0.108911
57 33 0.0615349 0.070124
57 37 0.10728 -0.0626042
57 41 -0.0283833 0.0910291
57 43 0.262503 0.146321
57 45 0.0567005 0.274714
57 47 0.0798264 0.261624
57 51 0.109807 0.193798
57 53 0.132054 -0.163998
57 57 0.299541 0.176015
57 59 -0.0658804 0.131208
59 -57 -0.06172 -0.112923
59 -55 0.288904 -0.4663
59 -53 0.18586 -0.288785
59 -51 0.171094 -0.11805
59 -49 0.107142 -0.0206897
59 -47 0.447 -0.210429
59 -45 0.195086 -0.172469
59 -43 0.172938 -0.166674
59 -41 0.218429 -0.340546
59 -39 -0.0148316 -0.0710421
59 -33 0.0419841 -0.0531143
59 -31 0.144226 -0.124119
59 -29 0.0411127 0.0729378
59 -27 0.491738 -0.0240747
59 -25 -0.151872 -0.0983374
59 -23 0.0499945 0.0271107
59 -21 0.00896933 0.000902841
59 -19 0.0569531 -0.0714984
59 -17 0.239528 -0.148592
59 -15 0.176953 -0.138856
59 -13 0.336355 -0.0752941
59 -11 0.363217 -0.0318341
59 -9 0.729294 -0.244074
59 -7 0.0988477 -0.0185494
59 -5 0.179031 0.00362381
59 -3 -0.0590173 -0.148824
59 -1 0.329936 0.0461333
59 1 0.230606 0.0221244
59 3 0.289637 -0.0447806
59 5 0.23011 -0.0447512
59 7 0.167534 -0.0299919
59 9 -0.00962036 -0.0514786
59 11 0.269001 0.0741501
59 13 0.112186 0.0146879
59 17 0.169924 -0.00324879
59 21 0.258758 0.0767808
59 23 0.128677 0.0252007
59 25 0.22747 0.0726935
59 27 0.223667 0.0910904
59 29 0.225635 0.171115
59 35 -0.102491 0.213106
59 37 0.159197 0.0950066
59 39 -0.0423364 0.177862
59 41 0.242682 0.104478
59 43 -0.030774 -0.0172781
59 45 0.172037 0.0663914
59 47 -0.0520067 0.0965976
59 49 0.269338 0.0698929
59 53 0.243526 0.0434032
59 55 0.0910772 0.0213189
59 57 -0.0627842 -0.0499997
59 59 0.254142 0.00146966
