-59 -59 -0.325895 0.0216212
-59 -57 -0.312829 -0.338082
-59 -55 -0.314672 -0.409708
-59 -53 -0.432831 -0.208379
-59 -51 -0.0350668 0.0699895
-59 -49 -0.207367 -0.0778033
-59 -45 -0.263124 -0.134926
-59 -43 -0.12929 -0.131429
-59 -41 -0.0545257 0.0222884
-59 -39 -0.183886 -0.116764
-59 -35 -0.417114 -0.320418
-59 -33 -0.153239 -0.144669
-59 -31 -0.0436659 -0.0280179
-59 -29 -0.0653357 -0.106384
-59 -27 -0.182549 -0.0547511
-59 -25 -0.0397173 -0.0303322
-59 -23 -0.193663 0.052353
-59 -21 -0.308716 -0.0933354
-59 -19 -0.0558542 -0.0267365
-59 -17 -0.211383 0.0332307
-59 -15 -0.225813 -0.00900005
-59 -13 -0.0196878 -0.0025668
-59 -11 -0.329058 -0.0435376
-59 -9 -0.103614 0.0103526
-59 -7 -0.0955744 0.128225
-59 -5 -0.208625 -0.0719948
-59 -3 -0.285947 -0.0152035
-59 -1 -0.146009 -0.0542166
-59 1 -0.251623 0.0509257
-59 3 -0.446717 0.0583644
-59 5 -0.140877 -0.0406922
-59 7 -0.247173 -0.104294
-59 9 -0.239663 0.049891
-59 11 -0.236563 -0.0138378
-59 13 -0.258067 0.0188791
-59 15 -0.0209804 0.266529
-59 17 -0.251831 0.0321424
-59 19 -0.176982 0.0524099
-59 21 -0.342347 0.0989106
-59 23 -0.439583 0.192481
-59 25 0.010269 0.0725466
-59 27 -0.174622 0.105269
-59 29 -0.297081 0.220728
-59 31 -0.261443 0.147571
-59 35 -0.506214 0.231426
-59 37 -0.207209 0.114847
-59 41 -0.164182 0.0662391
-59 43 -0.16909 -0.0308282
-59 45 -0.282535 0.206608
-59 47 -0.104727 0.300815
-59 49 -0.0817714 0.328135
-59 51 -0.0276576 0.0126629
-59 55 -0.0785037 0.0850435
-59 57 -0.107328 -0.127558
-59 59 0.048944 -0.0406691
-57 -59 -0.067729 -0.102499
-57 -53 -0.303009 -0.28811
-57 -47 -0.0860734 -0.0430624
-57 -45 -0.190295 -0.172376
-57 -43 0.0714926 -0.0357525
-57 -39 -0.448104 -0.235282
-57 -37 -0.128733 -0.10049
-57 -35 -0.223341 -0.163566
-57 -33 -0.223952 -0.172867
-57 -31 -0.199197 -0.105792
-57 -29 -0.0418442 0.0725433
-57 -27 -0.197005 -0.197152
-57 -25 0.00299406 0.0134972
-57 -23 -0.351498 -0.147616
-57 -21 -0.159994 -0.0958037
-57 -19 -0.156893 -0.0118525
-57 -17 -0.062333 -0.0949388
-57 -15 -0.20401 -0.0832275
-57 -13 -0.295656 -0.0795491
-57 -11 -0.487054 -0.0937738
-57 -9 -0.355545 -0.105123
-57 -7 -0.0838277 -0.0747414
-57 -5 -0.290948 0.0502987
-57 -3 -0.302637 0.0322518
-57 -1 -0.210094 -0.103842
-57 1 -0.182071 1.44336e-05
-57 3 -0.131548 -0.00459314
-57 5 -0.207256 0.0421616
-57 7 -0.31901 0.0433111
-57 9 -0.152278 0.0630186
-57 11 -0.389771 0.112751
-57 13 -0.290216 0.0588618
-57 15 -0.170725 0.0151843
-57 17 -0.237219 0.118014
-57 19 -0.179645 0.0132613
-57 21 -0.369562 0.174078
-57 23 -0.0733713 0.145987
-57 25 -0.118051 0.12018
-57 27 -0.164245 0.133458
-57 29 0.0216648 0.030103
-57 33 -0.20396 0.155565
-57 35 -0.313722 0.179542
-57 37 -0.246018 0.11542
-57 39 -0.181428 -0.0206638
-57 43 -0.165829 0.167962
-57 47 -0.369959 0.336718
-57 49 -0.182311 0.0628618
-57 51 -0.552273 0.467092
-57 53 -0.024798 0.132711
-57 57 -2.81818e-05 0.161626
-57 59 -0.0312008 0.0582613
-55 -57 -0.0274812 -0.0928283
-55 -53 -0.11342 -0.15139
-55 -51 -0.253354 -0.273281
-55 -47 -0.340106 -0.385788
-55 -45 -0.00863587 -0.0177207
-55 -43 -0.23008 -0.124556
-55 -41 0.102972 -0.20335
-55 -37 -0.282425 -0.186545
-55 -35 -0.195242 -0.158286
-55 -33 -0.234742 -0.191505
-55 -31 -0.39104 -0.276378
-55 -29 -0.00139789 0.0462122
-55 -27 -0.225996 -0.0932587
-55 -25 -0.321678 -0.167658
-55 -23 -0.189202 -0.0786457
-55 -21 -0.0921554 -0.0342939
-55 -19 -0.208823 -0.0707277
-55 -17 -0.165947 -0.0218724
-55 -15 -0.178827 -0.0293748
-55 -13 -0.232673 -0.0273184
-55 -11 -0.327819 0.0810641
-55 -9 -0.258702 -0.0812087
-55 -7 -0.241879 -0.0506941
-55 -5 -0.383921 0.0410615
-55 -3 -0.19183 -0.0226859
-55 -1 -0.243768 -0.0147972
-55 1 -0.190792 0.0181515
-55 3 -0.326347 0.0180326
-55 5 -0.292694 0.0849035
-55 7 -0.226144 0.0300381
-55 9 -0.168052 0.030298
-55 11 -0.231183 0.0822744
-55 13 -0.199186 0.00522462
-55 15 -0.141684 0.0657635
-55 17 -0.112376 0.0339916
-55 19 -0.0926606 0.0501853
-55 21 -0.0965259 0.0452583
-55 23 -0.199791 0.0189781
-55 25 -0.283911 0.121107
-55 27 -0.436498 0.188174
-55 29 -0.332999 0.207005
-55 31 -0.240301 0.0823227
-55 35 -0.179758 0.162546
-55 37 -0.115053 0.0750152
-55 39 -0.306797 0.205901
-55 41 -0.13611 0.32112
-55 43 -0.187024 0.0619594
-55 45 -0.290081 0.280417
-55 49 -0.0155029 0.0661985
-55 51 -0.0421861 0.0209603
-55 55 -0.563733 0.499866
-55 59 -0.00493397 0.0692544
-53 -57 -0.107873 -0.125189
-53 -55 -0.300415 -0.279407
-53 -53 -0.186693 -0.0787907
-53 -51 -0.0864773 -0.130063
-53 -49 -0.151906 -0.209501
-53 -47 -0.111224 -0.332615
-53 -45 -0.227317 -0.276117
-53 -43 -0.102415 -0.136703
-53 -41 -0.194359 -0.150216
-53 -39 -0.14559 -0.0262316
-53 -37 0.0424733 0.167613
-53 -35 -0.105657 -0.0676977
-53 -33 -0.163855 -0.116155
-53 -31 -0.167667 -0.131129
-53 -29 -0.299138 -0.107917
-53 -27 -0.451691 -0.214571
-53 -25 -0.347754 -0.204489
-53 -23 -0.17565 0.0127001
-53 -21 -0.192084 -0.0848238
-53 -19 -0.29863 -0.172439
-53 -17 -0.198368 -0.0734448
-53 -15 -0.175416 -0.0372075
-53 -13 -0.226767 -0.035865
-53 -11 -0.149477 -0.0539777
-53 -9 -0.22242 -0.00849764
-53 -7 -0.138822 -0.088139
-53 -5 -0.492121 -0.0979194
-53 -3 -0.246389 0.0126328
-53 -1 -0.265846 -0.00833904
-53 1 -0.183871 -0.080722
-53 3 -0.243784 -0.0283333
-53 5 -0.694736 0.0512732
-53 7 -0.193449 -0.0235049
-53 9 -0.340599 0.0966095
-53 11 -0.271607 0.058353
-53 13 -0.199211 0.0735424
-53 15 -0.196976 0.0672984
-53 17 -0.291463 0.110099
-53 19 -0.196301 0.0491289
-53 21 -0.402558 0.0231109
-53 23 -0.0482234 -0.0724339
-53 25 -0.29041 0.203354
-53 27 -0.212803 0.118692
-53 29 -0.130009 0.0736474
-53 31 -0.103758 0.07741
-53 33 -0.258067 0.248744
-53 35 -0.631306 0.491779
-53 37 -0.260082 0.223076
-53 39 -0.148245 -0.105346
-53 41 -0.0756815 0.0530038
-53 43 -0.0631332 0.0350062
-53 47 -0.327588 0.311893
-53 49 -0.00947183 0.122988
-53 51 -0.178649 0.273239
-53 53 -0.271946 0.256073
-53 55 -0.406695 0.396352
-53 57 -0.291926 0.272624
-53 59 -0.0413391 0.0586208
-51 -59 -0.135704 -0.0755877
-51 -55 -0.118232 0.0400402
-51 -53 -0.157488 -0.0829685
-51 -51 -0.0389872 -0.0651312
-51 -49 -0.281583 -0.00437063
-51 -43 -0.147984 -0.152536
-51 -41 -0.181971 -0.181748
-51 -39 -0.169442 -0.0932415
-51 -37 -0.314359 -0.214926
-51 -35 -0.385074 -0.30424
-51 -31 -0.236264 -0.171543
-51 -29 -0.223753 -0.120206
-51 -27 -0.0726297 0.00247694
-51 -25 -0.0904455 -0.0432976
-51 -23 -0.381832 -0.153531
-51 -21 -0.199097 -0.0473713
-51 -19 -0.341739 -0.0888315
-51 -17 -0.185339 0.0128935
-51 -15 -0.244119 -0.098812
-51 -13 -0.330469 -0.0822037
-51 -11 -0.192782 0.0291383
-51 -9 -0.195288 -0.0374325
-51 -7 -0.154918 -0.0363716
-51 -5 -0.26745 -0.00758463
-51 -3 -0.160919 -0.0172429
-51 -1 -0.192583 0.0124219
-51 1 -0.189506 -0.00728098
-51 3 -0.439679 0.0710903
-51 5 -0.0372238 0.0282021
-51 7 -0.219701 0.0496916
-51 9 -0.216197 0.0709125
-51 11 -0.442672 0.145766
-51 13 -0.368519 0.162884
-51 15 -0.389866 0.0691492
-51 17 -0.340816 0.0648493
-51 19 -0.251631 0.103683
-51 21 -0.305582 0.0548493
-51 23 -0.301353 0.136966
-51 25 -0.106864 0.119682
-51 27 -0.275792 0.138074
-51 29 -0.177423 0.0554259
-51 31 -0.149305 0.0625451
-51 33 -0.184396 0.0457268
-51 35 -0.0303113 -0.00134564
-51 37 -0.195404 0.160429
-51 39 -0.0876812 0.340237
-51 41 -0.108638 0.0440509
-51 43 -0.24007 0.113771
-51 45 -0.0607431 0.0230428
-51 47 -0.323902 0.252108
-51 53 0.0562894 0.114397
-51 55 -0.264192 0.262141
-51 59 -0.161148 0.167913
-49 -59 -0.118384 -0.077147
-49 -57 -0.10645 -0.102676
-49 -55 -0.323648 -0.223118
-49 -53 -0.0975189 -0.133487
-49 -51 -0.464993 -0.496455
-49 -49 -0.251571 -0.246554
-49 -47 -0.107983 -0.110316
-49 -45 -0.172554 -0.21572
-49 -43 -0.183111 -0.100518
-49 -41 -0.211898 -0.242982
-49 -39 -0.264046 -0.252284
-49 -37 -0.200261 -0.122557
-49 -35 -0.0823649 -0.0790115
-49 -33 -0.0380976 -0.045213
-49 -31 -0.303197 -0.180565
-49 -29 -0.143714 -0.162054
-49 -27 -0.185097 -0.109914
-49 -25 -0.328474 -0.137013
-49 -23 -0.00063303 0.0436549
-49 -21 -0.29621 -0.0546505
-49 -19 -0.241523 -0.0404523
-49 -17 -0.356442 -0.163413
-49 -15 -0.0660143 -0.0374242
-49 -13 -0.230997 -0.0426147
-49 -11 -0.348582 -0.0641695
-49 -9 -0.434342 -0.0893997
-49 -7 -0.144782 -0.0129573
-49 -5 -0.200059 -0.0192333
-49 -3 -0.163199 -0.0223941
-49 -1 -0.24972 0.0299654
-49 1 -0.116953 -0.0105857
-49 3 -0.120608 0.0518764
-49 5 -0.178362 0.0237338
-49 7 -0.0984652 0.029995
-49 9 -0.206839 0.0901663
-49 11 -0.170462 0.0598308
-49 13 -0.219737 0.076858
-49 15 -0.160286 0.0532901
-49 17 -0.0476466 0.116808
-49 19 -0.251955 0.0504914
-49 21 -0.134675 0.0767152
-49 23 -0.222863 0.109896
-49 25 -0.264977 0.121923
-49 27 -0.10333 0.089257
-49 29 -0.163737 0.101513
-49 31 -0.1011 0.0622109
-49 33 -0.154177 0.0645999
-49 35 -0.0987212 0.139811
-49 37 -0.304199 0.306528
-49 39 -0.243987 0.204048
-49 41 -0.122169 0.162115
-49 43 -0.190961 0.22165
-49 45 -0.201793 0.18356
-49 47 -0.274685 0.132889
-49 49 -0.159494 -0.0543706
-49 51 -0.27417 0.286789
-49 53 -0.290324 0.256139
-49 55 -0.0511031 0.209528
-49 57 -0.201835 0.256297
-47 -57 -0.478774 -0.335235
-47 -55 0.0178986 -0.00886732
-47 -53 0.0280424 -0.238213
-47 -51 0.00701314 -0.265298
-47 -49 -0.141585 -0.0985368
-47 -47 -0.211686 -0.136002
-47 -45 -0.183782 -0.0918819
-47 -43 -0.273612 -0.183121
-47 -41 -0.185134 -0.245617
-47 -39 -0.114188 -0.0431814
-47 -37 -0.147853 -0.214066
-47 -35 -0.174683 -0.0860462
-47 -33 -0.273522 -0.157114
-47 -31 -0.170849 -0.137846
-47 -29 -0.406531 -0.234317
-47 -27 -0.0923946 -0.127039
-47 -25 -0.094776 -0.0916479
-47 -23 -0.157431 -0.0976798
-47 -21 -0.131035 -0.0678823
-47 -19 -0.0701263 -0.0698787
-47 -17 -0.128604 -0.108505
-47 -15 -0.260473 -0.0682425
-47 -13 -0.24324 -0.0392943
-47 -11 -0.261098 -0.0386815
-47 -9 -0.185121 -0.0573597
-47 -7 -0.255767 -0.0225421
-47 -5 -0.325305 -0.0413892
-47 -3 -0.15269 0.0146494
-47 -1 -0.219002 -0.0267694
-47 1 -0.278772 -0.010454
-47 3 -0.259318 0.0232207
-47 5 -0.32231 0.0981519
-47 7 -0.256231 0.055764
-47 9 -0.296328 0.107915
-47 11 -0.322096 0.0285194
-47 13 -0.221369 0.0631828
-47 15 -0.208174 0.12611
-47 17 -0.283926 0.139103
-47 19 -0.121563 0.0683321
-47 21 -0.200821 0.111761
-47 23 -0.288524 0.139034
-47 25 -0.188066 0.0800424
-47 27 -0.151176 0.0257398
-47 29 -0.141031 0.0505268
-47 31 -0.301936 0.147088
-47 33 -0.320197 0.186473
-47 35 -0.327309 0.24106
-47 37 -0.248493 0.136762
-47 39 -0.317 0.163319
-47 41 -0.131405 0.0886947
-47 43 -0.058912 -0.0535292
-47 45 -0.0909579 0.112727
-47 47 -0.0891508 0.0859954
-47 49 -0.175449 0.189272
-47 51 -0.182994 0.166956
-47 55 0.0338284 0.0649611
-47 57 -0.20166 0.232694
-47 59 -0.1199 0.151668
-45 -59 -0.130309 -0.297689
-45 -57 0.0317766 -0.0837567
-45 -55 -0.0430744 -0.0517719
-45 -53 -0.581953 -0.7458
-45 -51 -0.197738 -0.131724
-45 -49 -0.138378 -0.257437
-45 -47 -0.127846 -0.110285
-45 -45 -0.306489 -0.240692
-45 -43 -0.281487 -0.203672
-45 -41 -0.0376604 -0.152621
-45 -39 -0.195151 -0.150481
-45 -37 -0.255485 -0.19001
-45 -35 -0.299451 -0.423627
-45 -33 -0.377329 -0.333231
-45 -31 -0.212522 -0.13676
-45 -29 -0.316269 -0.196181
-45 -27 -0.133906 -0.104829
-45 -25 -0.189694 -0.150223
-45 -23 -0.238475 -0.133666
-45 -21 -0.275822 -0.0807007
-45 -19 -0.39942 -0.16261
-45 -17 -0.295829 -0.134546
-45 -15 -0.179158 -0.070072
-45 -13 -0.250122 -0.0408005
-45 -11 -0.183138 -0.0189624
-45 -9 -0.211114 -0.0692451
-45 -7 -0.298386 -0.0710837
-45 -5 -0.216623 -0.0684456
-45 -3 -0.415477 0.00290759
-45 -1 -0.397035 -0.0243372
-45 1 -0.339327 0.14002
-45 3 -0.29328 0.0146378
-45 5 -0.137547 0.0402549
-45 7 -0.274128 0.0490107
-45 9 -0.420882 0.0943541
-45 11 -0.201315 0.0576472
-45 13 -0.203584 0.0569549
-45 15 -0.170131 0.0786547
-45 17 -0.444608 0.143224
-45 19 -0.222335 0.115993
-45 21 -0.215343 0.100848
-45 23 -0.237789 0.112092
-45 25 -0.262797 0.179545
-45 27 -0.270732 0.195783
-45 29 -0.206661 0.180074
-45 31 -0.0850157 -0.0795976
-45 33 -0.0939585 0.0366047
-45 35 -0.235722 0.217403
-45 37 -0.270778 0.065337
-45 39 -0.131833 -0.050683
-45 41 -0.351318 0.314117
-45 43 -0.108013 0.0743946
-45 45 -0.0885706 0.0669757
-45 47 -0.259824 0.281454
-45 49 -0.102846 0.131787
-45 51 -0.362792 0.309006
-45 53 -0.119362 0.14341
-45 55 -0.209779 0.197573
-45 57 0.0275779 0.314517
-45 59 -0.154949 0.26661
-43 -59 -0.03088 -0.159781
-43 -57 -0.0146938 -0.00543666
-43 -55 -0.18789 -0.24156
-43 -53 -0.0773581 -0.152848
-43 -51 0.123783 -0.0304283
-43 -49 -0.097499 -0.142145
-43 -45 0.059698 -0.11873
-43 -43 -0.0495508 -0.133511
-43 -41 -0.12351 -0.138342
-43 -39 -0.136875 -0.106295
-43 -37 -0.18995 -0.180855
-43 -35 -0.262498 -0.183182
-43 -33 -0.154197 -0.0642889
-43 -31 -0.143728 -0.00892648
-43 -29 -0.229337 -0.0922507
-43 -27 -0.145964 -0.114001
-43 -25 -0.369027 -0.220362
-43 -23 -0.218822 -0.117819
-43 -21 -0.163625 -0.0744676
-43 -19 -0.257308 -0.145022
-43 -17 -0.249792 -0.118484
-43 -15 -0.306618 -0.115394
-43 -13 -0.244451 -0.0839493
-43 -11 -0.263218 -0.0588393
-43 -9 -0.21028 -0.102194
-43 -7 -0.152378 -0.0148155
-43 -5 -0.413995 -0.0358142
-43 -3 -0.28829 -0.0355377
-43 -1 -0.180895 0.00258866
-43 1 -0.306922 0.0106636
-43 3 -0.228216 0.0427159
-43 5 -0.327502 0.0105154
-43 7 -0.236591 0.0597132
-43 9 -0.151289 0.0465383
-43 11 -0.287539 0.0840481
-43 13 -0.575035 0.0989296
-43 15 -0.297365 0.0733221
-43 17 -0.2446 0.108065
-43 19 -0.205483 0.12667
-43 21 -0.236621 0.0831705
-43 23 -0.213456 0.133249
-43 25 -0.394664 0.210877
-43 27 -0.295851 0.240518
-43 29 -0.147244 0.0745992
-43 31 -0.227288 0.145583
-43 33 -0.348533 0.143384
-43 35 -0.304795 0.217975
-43 37 -0.193539 0.0663714
-43 39 -0.15025 0.175308
-43 41 -0.300596 0.353658
-43 43 -0.17933 0.149147
-43 45 -0.176847 0.211473
-43 47 -0.0297549 0.0737177
-43 49 -0.410035 0.334721
-43 51 -0.224105 0.343866
-43 53 -0.0675712 0.0645776
-43 57 -0.161821 0.155675
-43 59 -0.180722 0.199736
-41 -59 -0.195991 -0.363815
-41 -57 -0.259204 -0.29313
-41 -55 -0.202273 -0.342319
-41 -53 -0.189322 -0.184682
-41 -51 -0.192728 -0.213669
-41 -49 -0.068536 -0.102636
-41 -47 -0.229749 -0.0806572
-41 -45 -0.154 -0.063815
-41 -43 -0.00369954 -0.139654
-41 -41 -0.203265 -0.171083
-41 -39 -0.0452125 -0.099889
-41 -37 -0.140121 -0.0193035
-41 -35 -0.287332 -0.212188
-41 -33 -0.369421 -0.292739
-41 -31 -0.181198 -0.147933
-41 -29 -0.148008 -0.169227
-41 -27 -0.29003 -0.176186
-41 -25 -0.165361 -0.0859562
-41 -23 -0.150265 -0.0766444
-41 -21 -0.174665 -0.102763
-41 -19 -0.323018 -0.192866
-41 -17 -0.308383 -0.149407
-41 -15 -0.143335 -0.0383914
-41 -13 -0.199343 -0.0692952
-41 -11 -0.247807 -0.067097
-41 -9 -0.225162 -0.0778472
-41 -7 -0.284181 -0.0698684
-41 -5 -0.248482 -0.028631
-41 -3 -0.286231 -0.0497092
-41 -1 -0.278929 -0.0105025
-41 1 -0.369376 0.0454317
-41 3 -0.208623 0.0303175
-41 5 -0.242483 0.0648488
-41 7 -0.338306 0.0759978
-41 9 -0.258182 0.0674288
-41 11 -0.2106 0.0893707
-41 13 -0.163373 0.0356845
-41 15 -0.247003 0.146717
-41 17 -0.22517 0.0418361
-41 19 -0.267754 0.129506
-41 21 -0.292868 0.14656
-41 23 -0.146194 0.0694539
-41 25 -0.103171 0.0378868
-41 27 -0.206424 0.103572
-41 29 -0.251147 0.12889
-41 31 -0.380808 0.315878
-41 33 -0.199525 0.15576
-41 35 -0.120577 0.161963
-41 37 -0.327342 0.374878
-41 39 -0.145164 0.154232
-41 41 -0.277996 0.197571
-41 43 -0.165845 0.196975
-41 45 -0.289564 0.216199
-41 47 -0.111546 0.168784
-41 49 -0.144231 0.245661
-41 51 -0.194635 0.0819756
-41 53 -0.23187 0.24238
-41 55 0.00592503 0.0793774
-41 57 0.0484158 0.028693
-41 59 -0.0842794 0.161114
-39 -59 -0.031748 -0.00481326
-39 -57 -0.368487 -0.505006
-39 -53 -0.111334 -0.142507
-39 -51 -0.00765807 -0.0126775
-39 -49 -0.196023 -0.121411
-39 -47 -0.207738 -0.310138
-39 -45 -0.0787302 -0.125185
-39 -43 -0.195846 -0.197613
-39 -41 -0.155019 -0.164543
-39 -39 -0.215582 -0.228484
-39 -37 -0.189973 -0.212665
-39 -35 -0.20549 -0.24965
-39 -33 -0.0625218 -0.0795639
-39 -31 -0.293577 -0.224056
-39 -29 -0.204771 -0.146553
-39 -27 -0.107621 -0.125935
-39 -25 -0.266735 -0.129307
-39 -23 -0.190655 -0.0824828
-39 -21 -0.299054 -0.214008
-39 -19 -0.25108 -0.131742
-39 -17 -0.197218 -0.0942528
-39 -15 -0.175882 -0.025828
-39 -13 -0.344677 -0.077987
-39 -11 -0.242795 -0.0886449
-39 -9 -0.236613 -0.0534508
-39 -7 -0.274492 -0.0366648
-39 -5 -0.289111 -0.105071
-39 -3 -0.321105 -0.0283821
-39 -1 -0.259971 -0.00663073
-39 1 -0.22434 0.00215271
-39 3 -0.256511 0.0103453
-39 5 -0.259602 0.0226081
-39 7 -0.347485 0.046574
-39 9 -0.369104 0.0712078
-39 11 -0.169834 0.0956808
-39 13 -0.275419 0.0862908
-39 15 -0.208913 0.0725055
-39 17 -0.249946 0.0915128
-39 19 -0.249511 0.13495
-39 21 -0.255279 0.111096
-39 23 -0.215915 0.102014
-39 25 -0.220164 0.118021
-39 27 -0.230837 0.173468
-39 29 -0.310801 0.272507
-39 31 -0.0867706 0.241435
-39 33 -0.156218 0.137151
-39 35 -0.242072 0.199363
-39 37 -0.337819 0.348019
-39 39 -0.190738 0.253845
-39 41 -0.0418699 0.00132449
-39 43 -0.244185 0.147553
-39 45 -0.088463 0.127249
-39 47 -0.071853 0.134999
-39 49 -0.163697 0.337511
-39 51 -0.171707 -0.0277735
-39 53 -0.0673969 0.0970809
-39 55 -0.0461797 0.0997624
-39 57 -0.0999691 -0.0230627
-37 -59 -0.130571 -0.437509
-37 -57 -0.157717 -0.118833
-37 -55 -0.354078 -0.470695
-37 -53 -0.147551 -0.164909
-37 -51 -0.160824 -0.0548821
-37 -49 -0.464195 -0.574023
-37 -47 -0.0989937 -0.138945
-37 -45 0.0321475 -0.179363
-37 -43 -0.355753 -0.316033
-37 -41 -0.136329 -0.266274
-37 -39 -0.173376 -0.148075
-37 -37 -0.104308 -0.0343239
-37 -35 -0.194404 -0.011461
-37 -33 -0.0852139 -0.095132
-37 -31 -0.315523 -0.290239
-37 -29 -0.147803 -0.129309
-37 -27 -0.0934516 -0.0220497
-37 -25 -0.211324 -0.105102
-37 -23 -0.330088 -0.198087
-37 -21 -0.163597 -0.0610713
-37 -19 -0.18578 -0.0780416
-37 -17 -0.263988 -0.134754
-37 -15 -0.314773 -0.0920435
-37 -13 -0.305316 -0.109987
-37 -11 -0.219021 -0.0886908
-37 -9 -0.321106 -0.0810811
-37 -7 -0.280249 -0.0330664
-37 -5 -0.288429 -0.0530809
-37 -3 -0.316177 -0.0350448
-37 -1 -0.282325 -0.0181351
-37 1 -0.315184 -0.000580916
-37 3 -0.223464 0.0462763
-37 5 -0.305863 0.0577905
-37 7 -0.227325 0.0393779
-37 9 -0.33013 0.0790132
-37 11 -0.21999 0.0371881
-37 13 -0.32718 0.173976
-37 15 -0.171235 0.0630385
-37 17 -0.252597 0.102535
-37 19 -0.24395 0.105683
-37 21 -0.39067 0.234646
-37 23 -0.1271 0.0985915
-37 25 -0.286425 0.195556
-37 27 -0.253913 0.143067
-37 29 -0.305414 0.23926
-37 31 -0.25692 0.235795
-37 33 -0.315157 0.293386
-37 35 -0.216592 0.191841
-37 37 -0.147896 0.177361
-37 39 -0.144888 0.180524
-37 41 -0.206638 0.150753
-37 45 -0.18149 0.260639
-37 47 -0.0427308 0.222595
-37 49 -0.194178 0.272335
-37 51 -0.0881166 -0.0160501
-37 53 -0.244014 0.342759
-37 55 -0.0611976 -0.0307679
-37 59 -0.145535 0.29364
-35 -59 -0.160022 -0.117063
-35 -57 -0.0757168 -0.187729
-35 -55 -0.131474 -0.166856
-35 -53 -0.127586 -0.193074
-35 -51 -0.103268 -0.29847
-35 -49 -0.19746 -0.194387
-35 -47 0.00725737 0.00731959
-35 -45 -0.0270467 -0.116045
-35 -43 -0.143822 -0.103635
-35 -41 -0.0478843 -0.126541
-35 -39 -0.115995 -0.166592
-35 -37 -0.134514 -0.172754
-35 -35 -0.152032 -0.146207
-35 -33 -0.111711 -0.170783
-35 -31 -0.202371 -0.147398
-35 -29 -0.313996 -0.267741
-35 -27 -0.333428 -0.322145
-35 -25 -0.244728 -0.170088
-35 -23 -0.146793 -0.123155
-35 -21 -0.250459 -0.165597
-35 -19 -0.183475 -0.0741599
-35 -17 -0.291605 -0.128426
-35 -15 -0.314317 -0.167959
-35 -13 -0.208112 -0.113181
-35 -11 -0.274539 -0.0991558
-35 -9 -0.293952 -0.0718373
-35 -7 -0.297026 -0.100286
-35 -5 -0.348843 -0.0475281
-35 -3 -0.286153 -0.0429829
-35 -1 -0.397268 0.00144055
-35 1 -0.324954 0.0120546
-35 3 -0.316894 0.0448734
-35 5 -0.314451 0.0410189
-35 7 -0.274858 0.0683434
-35 9 -0.333339 0.100914
-35 11 -0.249462 0.0828911
-35 13 -0.289239 0.128862
-35 15 -0.131207 0.0987331
-35 17 -0.290025 0.107543
-35 19 -0.286903 0.173218
-35 21 -0.231312 0.127462
-35 23 -0.201085 0.157515
-35 25 -0.361769 0.264531
-35 27 -0.179787 0.135782
-35 29 -0.0963158 0.0338539
-35 31 -0.226587 0.216909
-35 33 -0.195407 0.207053
-35 35 -0.193022 0.226464
-35 37 -0.204008 0.209501
-35 39 -0.335507 0.358106
-35 41 -0.102672 0.11744
-35 43 -0.323007 0.315251
-35 45 -0.131727 0.157522
-35 47 -0.341408 0.390525
-35 49 0.0044728 0.0787146
-35 51 -0.144695 0.329987
-35 53 0.00432899 0.163112
-35 55 -0.0567611 0.124817
-35 59 -0.0634052 0.0960293
-33 -59 -0.173184 -0.464487
-33 -57 -0.0989525 -0.107138
-33 -55 -0.0129783 -0.214898
-33 -53 -0.126282 -0.183498
-33 -51 -0.452366 -0.636006
-33 -49 -0.130283 -0.267305
-33 -47 -0.125609 -0.258311
-33 -45 -0.162274 -0.226578
-33 -43 -0.172955 -0.221667
-33 -41 -0.086406 -0.130503
-33 -39 -0.236294 -0.214661
-33 -37 -0.161439 -0.196106
-33 -35 -0.125833 -0.139312
-33 -33 -0.292783 -0.200769
-33 -31 -0.38182 -0.348911
-33 -29 -0.181239 -0.188548
-33 -27 -0.205207 -0.125048
-33 -25 -0.21138 -0.140806
-33 -23 -0.277634 -0.206438
-33 -21 -0.177833 -0.0908511
-33 -19 -0.239434 -0.127719
-33 -17 -0.237968 -0.103935
-33 -15 -0.25879 -0.123677
-33 -13 -0.379915 -0.156982
-33 -11 -0.314165 -0.101885
-33 -9 -0.389393 -0.105988
-33 -7 -0.428835 -0.0862642
-33 -5 -0.469466 -0.0672875
-33 -3 -0.459463 -0.0382479
-33 -1 -0.443282 -0.0115181
-33 1 -0.454018 0.0127523
-33 3 -0.450229 0.0416045
-33 5 -0.453945 0.0622271
-33 7 -0.466658 0.0962525
-33 9 -0.428633 0.110491
-33 11 -0.326946 0.116454
-33 13 -0.344113 0.153456
-33 15 -0.263288 0.108533
-33 17 -0.309785 0.19129
-33 19 -0.227184 0.110258
-33 21 -0.241664 0.143903
-33 23 -0.129554 0.131658
-33 25 -0.242634 0.189232
-33 27 -0.198658 0.212976
-33 29 -0.325791 0.265932
-33 31 -0.143723 0.0618959
-33 33 -0.243681 0.300521
-33 35 -0.15655 0.251334
-33 37 -0.291301 0.321978
-33 39 -0.141863 0.231676
-33 41 -0.232893 0.263703
-33 43 -0.0933995 0.258894
-33 45 -0.0614102 0.0664285
-33 47 -0.140579 0.155387
-33 49 -0.0507405 0.152476
-33 51 -0.0384197 0.12819
-33 53 -0.123224 0.120548
-33 55 -0.163076 0.313235
-33 57 -0.0139723 0.0322356
-31 -59 -0.00921215 -0.360159
-31 -57 -0.0980488 -0.161761
-31 -55 -0.00776266 -0.153786
-31 -53 -0.120275 -0.207516
-31 -51 0.0095692 -0.0627972
-31 -49 -0.0244418 -0.113595
-31 -45 -0.205761 -0.271795
-31 -43 -0.201092 -0.198626
-31 -41 -0.157138 -0.167621
-31 -39 -0.212531 -0.263318
-31 -37 -0.147071 -0.1886
-31 -35 -0.115003 -0.119404
-31 -33 -0.221696 -0.227155
-31 -31 -0.175031 -0.165077
-31 -29 -0.217656 -0.202489
-31 -27 -0.251492 -0.190401
-31 -25 -0.199385 -0.238061
-31 -23 -0.256553 -0.178397
-31 -21 -0.263814 -0.162776
-31 -19 -0.240606 -0.164933
-31 -17 -0.224521 -0.120594
-31 -15 -0.365677 -0.176002
-31 -13 -0.404414 -0.164221
-31 -11 -0.473184 -0.161499
-31 -9 -0.457317 -0.126526
-31 -7 -0.456435 -0.0975085
-31 -5 -0.46248 -0.0700303
-31 -3 -0.471428 -0.0429189
-31 -1 -0.46199 -0.0153059
-31 1 -0.466405 0.0148041
-31 3 -0.464297 0.0436225
-31 5 -0.463327 0.0715243
-31 7 -0.456681 0.0970474
-31 9 -0.456972 0.12517
-31 11 -0.450165 0.149638
-31 13 -0.426138 0.173962
-31 15 -0.407352 0.183805
-31 17 -0.280136 0.156829
-31 19 -0.307815 0.212915
-31 21 -0.210419 0.150564
-31 23 -0.220959 0.220311
-31 25 -0.147551 0.148822
-31 27 -0.217469 0.194554
-31 29 -0.104644 0.127484
-31 31 -0.160409 0.172293
-31 33 -0.0687662 0.117423
-31 35 -0.110823 0.114366
-31 37 -0.0860241 0.153204
-31 39 -0.196252 0.211659
-31 41 -0.0911959 0.131522
-31 43 -0.145122 0.19339
-31 45 -0.0805444 0.133269
-31 47 -0.149053 0.228485
-31 49 -0.0713021 0.192274
-31 51 -0.139949 0.238229
-31 53 -0.203444 0.212277
-31 55 -0.214615 0.123931
-31 59 -0.00709559 0.305903
-29 -59 -0.113832 -0.359188
-29 -57 0.000709414 -0.0938694
-29 -55 -0.135306 -0.0794434
-29 -53 -0.0779852 -0.13742
-29 -49 -0.430568 -0.871659
-29 -47 -0.0759835 -0.14118
-29 -45 -0.0428157 -0.251476
-29 -43 -0.0977685 -0.103834
-29 -41 -0.191565 -0.195663
-29 -39 -0.229562 -0.276439
-29 -37 -0.126628 -0.226669
-29 -35 -0.165676 -0.179161
-29 -33 -0.197781 -0.246378
-29 -31 -0.171519 -0.149125
-29 -29 -0.175706 -0.180192
-29 -27 -0.175313 -0.147699
-29 -25 -0.127238 -0.079377
-29 -23 -0.289996 -0.228119
-29 -21 -0.280984 -0.247146
-29 -19 -0.352413 -0.230129
-29 -17 -0.401331 -0.229418
-29 -15 -0.435799 -0.212883
-29 -13 -0.424628 -0.181408
-29 -11 -0.437229 -0.156646
-29 -9 -0.43973 -0.129067
-29 -7 -0.451644 -0.103644
-29 -5 -0.449528 -0.0734278
-29 -3 -0.466408 -0.0460822
-29 -1 -0.475589 -0.0166273
-29 1 -0.469538 0.014338
-29 3 -0.451678 0.0440194
-29 5 -0.446683 0.0743021
-29 7 -0.450505 0.104612
-29 9 -0.439406 0.128995
-29 11 -0.425771 0.15161
-29 13 -0.424025 0.179703
-29 15 -0.422336 0.206699
-29 17 -0.397148 0.225944
-29 19 -0.399914 0.240434
-29 21 -0.274807 0.188991
-29 23 -0.245374 0.183446
-29 25 -0.206558 0.164256
-29 27 -0.127234 0.149488
-29 29 -0.213751 0.187874
-29 31 -0.151047 0.188015
-29 33 -0.193157 0.204938
-29 35 -0.157129 0.158989
-29 37 -0.139077 0.197244
-29 39 -0.140729 0.129538
-29 41 -0.121088 0.227989
-29 43 -0.14235 0.187074
-29 45 -0.0814169 0.0849334
-29 47 -0.113811 0.274566
-29 49 -0.181245 0.249306
-29 51 0.0202353 0.0813023
-29 53 -0.115842 0.202809
-29 55 -0.147727 0.049009
-29 57 -0.097039 0.227202
-29 59 -0.152029 0.287008
-27 -59 -0.171749 -0.353091
-27 -57 -0.41544 -0.491774
-27 -55 -0.0782222 -0.221159
-27 -53 -0.16723 -0.228407
-27 -51 -0.1427 -0.343703
-27 -49 -0.0340147 -0.0588612
-27 -47 -0.116602 -0.172367
-27 -43 -0.0918685 -0.190368
-27 -41 -0.108048 -0.263467
-27 -39 -0.189355 -0.207541
-27 -37 -0.149123 -0.339283
-27 -35 -0.194066 -0.157166
-27 -33 -0.119755 -0.154701
-27 -31 -0.177735 -0.201979
-27 -29 -0.114952 -0.15412
-27 -27 -0.205991 -0.222298
-27 -25 -0.241402 -0.193724
-27 -23 -0.256936 -0.204709
-27 -21 -0.356576 -0.268986
-27 -19 -0.406224 -0.268634
-27 -17 -0.394398 -0.234905
-27 -15 -0.401352 -0.209249
-27 -13 -0.414247 -0.190849
-27 -11 -0.428532 -0.167614
-27 -9 -0.452354 -0.144666
-27 -7 -0.46804 -0.11726
-27 -5 -0.493807 -0.0877085
-27 -3 -0.515327 -0.0557424
-27 -1 -0.526924 -0.0184786
-27 1 -0.523633 0.0199664
-27 3 -0.513652 0.0555441
-27 5 -0.494669 0.0874565
-27 7 -0.469016 0.117364
-27 9 -0.446944 0.141648
-27 11 -0.429972 0.167753
-27 13 -0.414362 0.190822
-27 15 -0.413973 0.216808
-27 17 -0.387575 0.230584
-27 19 -0.388689 0.250713
-27 21 -0.386274 0.297186
-27 23 -0.313875 0.256649
-27 25 -0.180373 0.170258
-27 27 -0.209021 0.198568
-27 29 -0.159991 0.165572
-27 31 -0.262047 0.255694
-27 33 -0.0990276 0.155508
-27 35 -0.10163 0.100808
-27 37 -0.118072 0.109127
-27 39 -0.174707 0.247938
-27 41 -0.240426 0.334484
-27 43 -0.209087 0.306057
-27 45 -0.0427086 0.144659
-27 47 -0.095859 0.159261
-27 49 -0.111659 0.287637
-27 51 0.0224694 0.114043
-27 53 -0.0955861 0.212794
-27 55 -0.128934 0.182003
-27 57 -0.011861 0.279908
-27 59 -0.0968051 0.238059
-25 -59 -0.108602 -0.0950889
-25 -57 -0.0949666 -0.333451
-25 -55 -0.12157 -0.157343
-25 -53 -0.0260483 -0.0475191
-25 -51 -0.177536 -0.145992
-25 -49 -0.140839 -0.346636
-25 -47 -0.0760704 -0.248878
-25 -45 -0.174898 -0.238334
-25 -43 -0.228415 -0.373418
-25 -41 -0.200138 -0.352398
-25 -39 -0.100261 -0.217587
-25 -37 -0.122183 -0.222226
-25 -35 -0.105264 -0.231611
-25 -33 -0.0961274 -0.183281
-25 -31 -0.147783 -0.188886
-25 -29 -0.179896 -0.17128
-25 -27 -0.14532 -0.18184
-25 -25 -0.258668 -0.255385
-25 -23 -0.362013 -0.320203
-25 -21 -0.364298 -0.295581
-25 -19 -0.365176 -0.265693
-25 -17 -0.372365 -0.241743
-25 -15 -0.389852 -0.225494
-25 -13 -0.422161 -0.212199
-25 -11 -0.460885 -0.197832
-25 -9 -0.509326 -0.179196
-25 -7 -0.548857 -0.150272
-25 -5 -0.571554 -0.111818
-25 -3 -0.599104 -0.0701792
-25 -1 -0.607036 -0.0237599
-25 1 -0.607347 0.0252828
-25 3 -0.59586 0.0702671
-25 5 -0.572785 0.111045
-25 7 -0.540521 0.148452
-25 9 -0.508465 0.178903
-25 11 -0.458299 0.196056
-25 13 -0.42391 0.214486
-25 15 -0.390452 0.224327
-25 17 -0.367893 0.237892
-25 19 -0.37314 0.268559
-25 21 -0.362693 0.293243
-25 23 -0.345656 0.30731
-25 25 -0.304415 0.277468
-25 27 -0.186438 0.195495
-25 29 -0.133963 0.158447
-25 31 -0.219392 0.250205
-25 33 -0.147395 0.222663
-25 35 -0.117133 0.150947
-25 37 -0.104422 0.207129
-25 39 -0.0625115 0.109563
-25 41 -0.152713 0.209951
-25 43 -0.132248 0.345972
-25 45 -0.0390589 0.261182
-25 47 -0.143012 0.299895
-25 49 -0.0287223 0.177123
-25 51 -0.089443 0.260521
-25 53 -0.0902671 0.147309
-25 55 -0.126866 0.215921
-25 57 0.113829 0.192427
-25 59 -0.0559284 0.240356
-23 -59 -0.419422 -0.68783
-23 -57 -0.0461679 -0.333496
-23 -55 -0.0611599 -0.0674479
-23 -53 -0.112111 -0.251447
-23 -51 0.0288436 -0.189952
-23 -49 -0.0834469 -0.250361
-23 -47 -0.0537097 -0.0644735
-23 -45 -0.0646134 -0.0503041
-23 -43 -0.0772721 -0.221024
-23 -41 -0.149918 -0.179446
-23 -39 -0.114584 -0.210507
-23 -37 -0.198604 -0.284456
-23 -35 -0.123095 -0.200056
-23 -33 -0.153965 -0.178819
-23 -31 -0.210155 -0.205444
-23 -29 -0.135166 -0.208251
-23 -27 -0.191418 -0.283267
-23 -25 -0.314279 -0.327301
-23 -23 -0.340235 -0.322893
-23 -21 -0.332892 -0.290292
-23 -19 -0.344402 -0.273963
-23 -17 -0.370354 -0.265345
-23 -15 -0.411164 -0.263438
-23 -13 -0.472286 -0.262197
-23 -11 -0.518774 -0.243722
-23 -9 -0.562862 -0.216757
-23 -7 -0.598768 -0.179814
-23 -5 -0.614253 -0.132203
-23 -3 -0.625097 -0.0807214
-23 -1 -0.628571 -0.0268082
-23 1 -0.629422 0.0270242
-23 3 -0.628951 0.0813912
-23 5 -0.617078 0.132788
-23 7 -0.600527 0.180328
-23 9 -0.565662 0.218477
-23 11 -0.520057 0.244816
-23 13 -0.467073 0.258862
-23 15 -0.413048 0.263893
-23 17 -0.372617 0.266564
-23 19 -0.347515 0.276558
-23 21 -0.341727 0.300779
-23 23 -0.345535 0.330858
-23 25 -0.336507 0.341283
-23 27 -0.2251 0.248373
-23 29 -0.225187 0.238973
-23 31 -0.137967 0.273111
-23 33 -0.128057 0.201373
-23 35 -0.196121 0.236911
-23 37 -0.0577088 0.110117
-23 39 -0.137074 0.216585
-23 41 -0.0602671 0.211142
-23 43 -0.0827774 0.171348
-23 45 -0.0851841 0.231239
-23 47 -0.119471 0.209065
-23 49 -0.0335654 0.087498
-23 51 -0.0745058 0.155718
-23 53 -0.00833089 0.14832
-23 55 -0.0314905 0.156808
-23 57 -0.0247766 0.0833091
-23 59 -0.0447126 0.134571
-21 -59 -0.266895 -0.711969
-21 -57 -0.104282 -0.258961
-21 -55 -0.154636 -0.350914
-21 -53 -0.0607483 -0.331602
-21 -51 -0.116473 -0.0915574
-21 -49 -0.0712012 -0.240516
-21 -47 -0.125884 -0.215016
-21 -45 -0.0523567 -0.17924
-21 -43 -0.183204 -0.394399
-21 -41 -0.125078 -0.263034
-21 -39 -0.136155 -0.25547
-21 -37 -0.124899 -0.20168
-21 -35 -0.103917 -0.177076
-21 -33 -0.112457 -0.195012
-21 -31 -0.110077 -0.165186
-21 -29 -0.190256 -0.259727
-21 -27 -0.286041 -0.359927
-21 -25 -0.316238 -0.35997
-21 -23 -0.299978 -0.318222
-21 -21 -0.311331 -0.303127
-21 -19 -0.337642 -0.29867
-21 -17 -0.389078 -0.310653
-21 -15 -0.454613 -0.32228
-21 -13 -0.511799 -0.313299
-21 -11 -0.551641 -0.287994
-21 -9 -0.571594 -0.246294
-21 -7 -0.584461 -0.1962
-21 -5 -0.591502 -0.142274
-21 -3 -0.592888 -0.0857936
-21 -1 -0.593981 -0.0289221
-21 1 -0.593453 0.0293008
-21 3 -0.594356 0.0860126
-21 5 -0.59167 0.14224
-21 7 -0.584397 0.196167
-21 9 -0.572644 0.245352
-21 11 -0.548278 0.286416
-21 13 -0.511781 0.313961
-21 15 -0.459851 0.324778
-21 17 -0.395568 0.315305
-21 19 -0.33795 0.298369
-21 21 -0.311142 0.302339
-21 23 -0.298902 0.314873
-21 25 -0.307679 0.3511
-21 27 -0.301517 0.382076
-21 29 -0.195414 0.298949
-21 31 -0.225086 0.290123
-21 33 -0.142955 0.21175
-21 35 -0.0994564 0.15876
-21 37 -0.107997 0.168334
-21 39 -0.185219 0.237654
-21 41 -0.0724472 0.196593
-21 43 -0.134151 0.201242
-21 45 -0.113884 0.180896
-21 47 -0.0792558 0.185427
-21 49 -0.06179 0.196234
-21 51 -0.0763276 0.302186
-21 53 -0.0285399 0.0309605
-21 57 -0.110475 0.311026
-21 59 -0.0782719 0.0855931
-19 -59 -0.120789 -0.398133
-19 -57 -0.0612238 -0.168914
-19 -55 -0.102665 -0.108244
-19 -53 -0.0265003 -0.099665
-19 -51 0.0108085 -0.307178
-19 -49 -0.0940986 -0.126435
-19 -47 -0.0908463 -0.226879
-19 -45 -0.0446184 -0.277032
-19 -43 -0.0437109 -0.201708
-19 -41 -0.0759556 -0.139352
-19 -39 -0.0662046 -0.166926
-19 -37 -0.10423 -0.223872
-19 -35 -0.147385 -0.257556
-19 -33 -0.110181 -0.235836
-19 -31 -0.20011 -0.323795
-19 -29 -0.26485 -0.395114
-19 -27 -0.282617 -0.385766
-19 -25 -0.27069 -0.343334
-19 -23 -0.277469 -0.326548
-19 -21 -0.298202 -0.325129
-19 -19 -0.355035 -0.352193
-19 -17 -0.416111 -0.372061
-19 -15 -0.469874 -0.371686
-19 -13 -0.507425 -0.351379
-19 -11 -0.52398 -0.308145
-19 -9 -0.530078 -0.257074
-19 -7 -0.531536 -0.201236
-19 -5 -0.526291 -0.142964
-19 -3 -0.526543 -0.0857649
-19 -1 -0.522665 -0.0287811
-19 1 -0.521186 0.0278588
-19 3 -0.526335 0.0866467
-19 5 -0.527869 0.143351
-19 7 -0.530482 0.201431
-19 9 -0.532252 0.25805
-19 11 -0.525867 0.309684
-19 13 -0.506178 0.35064
-19 15 -0.471473 0.372188
-19 17 -0.417377 0.374459
-19 19 -0.348154 0.346956
-19 21 -0.296013 0.322004
-19 23 -0.277198 0.326101
-19 25 -0.273461 0.346831
-19 27 -0.269306 0.371565
-19 29 -0.244554 0.383595
-19 31 -0.121282 0.251611
-19 33 -0.052185 0.146966
-19 35 -0.24523 0.482459
-19 37 -0.10857 0.24296
-19 39 -0.111293 0.170031
-19 41 -0.150929 0.292074
-19 43 -0.0889187 0.196855
-19 45 -0.1093 0.277723
-19 47 -0.111599 0.350498
-19 49 -0.0860103 0.00583804
-19 51 -0.138562 0.424975
-19 53 -0.100208 0.343771
-19 55 -0.146499 0.201675
-19 57 -0.0899305 0.256039
-19 59 -0.0996979 0.657104
-17 -59 -0.0613205 -0.129941
-17 -57 -0.112247 -0.195538
-17 -55 -0.0528227 -0.234221
-17 -53 -0.0521669 -0.191118
-17 -51 0.00305377 -0.158327
-17 -49 -0.0304031 -0.101484
-17 -47 -0.119183 -0.381352
-17 -45 -0.0909886 -0.1693
-17 -43 -0.0674707 -0.267463
-17 -41 -0.0713145 -0.216967
-17 -39 -0.137051 -0.312374
-17 -37 -0.084372 -0.255082
-17 -35 -0.0977586 -0.242962
-17 -33 -0.123058 -0.200543
-17 -31 -0.136363 -0.289778
-17 -29 -0.256288 -0.423689
-17 -27 -0.238213 -0.368234
-17 -25 -0.238126 -0.343374
-17 -23 -0.257279 -0.345435
-17 -21 -0.301435 -0.375145
-17 -19 -0.36652 -0.412996
-17 -17 -0.420043 -0.425464
-17 -15 -0.455472 -0.410519
-17 -13 -0.466189 -0.368372
-17 -11 -0.468743 -0.314861
-17 -9 -0.462418 -0.256772
-17 -7 -0.45543 -0.197975
-17 -5 -0.446599 -0.140247
-17 -3 -0.439287 -0.082611
-17 -1 -0.434931 -0.0276376
-17 1 -0.43528 0.027488
-17 3 -0.439153 0.0830241
-17 5 -0.446116 0.139793
-17 7 -0.455957 0.199071
-17 9 -0.462446 0.257387
-17 11 -0.467262 0.314909
-17 13 -0.466028 0.368144
-17 15 -0.450542 0.406961
-17 17 -0.41726 0.423515
-17 19 -0.363792 0.410148
-17 21 -0.302542 0.375297
-17 23 -0.258255 0.34809
-17 25 -0.229788 0.331862
-17 27 -0.239379 0.371991
-17 29 -0.251258 0.416147
-17 31 -0.174921 0.325273
-17 33 -0.094856 0.198005
-17 35 -0.148361 0.209651
-17 37 -0.105685 0.208748
-17 39 -0.0817249 0.235229
-17 41 -0.136349 0.333112
-17 43 -0.24062 0.623179
-17 45 -0.137286 0.355686
-17 47 -0.0325664 0.133563
-17 49 -0.100971 0.263893
-17 51 -0.0326087 0.155635
-17 53 -0.0176835 0.236966
-17 55 -0.164485 0.2615
-17 57 -0.0748328 0.379136
-17 59 0.0448943 0.0551062
-15 -59 -0.107986 -0.493257
-15 -57 -0.06238 -0.255351
-15 -55 -0.177992 -0.0790642
-15 -53 -0.0525759 -0.281192
-15 -51 -0.0516714 -0.1442
-15 -49 -0.0125117 -0.173844
-15 -47 -0.0515417 -0.122604
-15 -45 -0.0529137 -0.206811
-15 -43 -0.0176318 -0.167583
-15 -41 -0.0846758 -0.283118
-15 -39 -0.0895325 -0.305243
-15 -37 -0.0368269 -0.235339
-15 -35 -0.126963 -0.231327
-15 -33 -0.084948 -0.179241
-15 -31 -0.214613 -0.437691
-15 -29 -0.215682 -0.410958
-15 -27 -0.206355 -0.368486
-15 -25 -0.212281 -0.355761
-15 -23 -0.243375 -0.378172
-15 -21 -0.299593 -0.428469
-15 -19 -0.352393 -0.46091
-15 -17 -0.388093 -0.457495
-15 -15 -0.400668 -0.42104
-15 -13 -0.402753 -0.370008
-15 -11 -0.395532 -0.311544
-15 -9 -0.384198 -0.250042
-15 -7 -0.37099 -0.18929
-15 -5 -0.356691 -0.13089
-15 -3 -0.345165 -0.0762137
-15 -1 -0.337855 -0.0253024
-15 1 -0.337959 0.0253187
-15 3 -0.34511 0.0767593
-15 5 -0.357364 0.131217
-15 7 -0.371862 0.189716
-15 9 -0.385098 0.250748
-15 11 -0.396556 0.311653
-15 13 -0.403734 0.371463
-15 15 -0.401219 0.420964
-15 17 -0.387235 0.456554
-15 19 -0.352694 0.459521
-15 21 -0.297813 0.425881
-15 23 -0.244919 0.380215
-15 25 -0.207387 0.348354
-15 27 -0.206554 0.371931
-15 29 -0.215413 0.410361
-15 31 -0.20616 0.42335
-15 33 -0.0918839 0.261112
-15 35 -0.142177 0.359988
-15 37 -0.11355 0.226796
-15 39 -0.0670381 0.276172
-15 41 -0.107617 0.349322
-15 43 -0.0777919 0.07535
-15 45 -0.120933 0.296852
-15 47 0.0155988 0.169129
-15 49 -0.0254665 0.146697
-15 51 -0.114504 0.262774
-15 53 -0.102957 0.185263
-15 55 -0.0012865 0.156634
-15 57 -0.155108 0.396022
-15 59 -0.0252729 0.117271
-13 -57 -0.0470407 -0.238045
-13 -55 -0.0561498 -0.13881
-13 -53 -0.0369027 -0.114261
-13 -51 -0.10194 -0.196288
-13 -49 0.0115795 -0.144451
-13 -47 0.0366826 -0.0848176
-13 -45 -0.12244 -0.227668
-13 -43 -0.0170096 -0.125333
-13 -41 -0.0185054 -0.190169
-13 -39 -0.0519808 -0.231682
-13 -37 -0.102425 -0.28264
-13 -35 -0.0517476 -0.198833
-13 -33 -0.10237 -0.266549
-13 -31 -0.17823 -0.427763
-13 -29 -0.18089 -0.403023
-13 -27 -0.174983 -0.366609
-13 -25 -0.190536 -0.376354
-13 -23 -0.230207 -0.421518
-13 -21 -0.279945 -0.473804
-13 -19 -0.31754 -0.492617
-13 -17 -0.33654 -0.470884
-13 -15 -0.337315 -0.423052
-13 -13 -0.331864 -0.366109
-13 -11 -0.320048 -0.302903
-13 -9 -0.304347 -0.238175
-13 -7 -0.284934 -0.174547
-13 -5 -0.264094 -0.116475
-13 -3 -0.245976 -0.0655569
-13 -1 -0.234987 -0.0208464
-13 1 -0.235339 0.0210685
-13 3 -0.245866 0.0656099
-13 5 -0.263965 0.116726
-13 7 -0.284977 0.174979
-13 9 -0.304655 0.237839
-13 11 -0.32051 0.302638
-13 13 -0.331976 0.365645
-13 15 -0.337711 0.423678
-13 17 -0.334703 0.470979
-13 19 -0.317394 0.491922
-13 21 -0.279776 0.476122
-13 23 -0.233057 0.428846
-13 25 -0.188691 0.372135
-13 27 -0.176828 0.370922
-13 29 -0.180199 0.402282
-13 31 -0.184211 0.43971
-13 33 -0.13644 0.351442
-13 35 -0.0347925 0.137749
-13 37 -0.0874724 0.289388
-13 39 -0.0773629 0.300425
-13 41 -0.0401209 0.158465
-13 43 -0.0422541 0.300772
-13 45 -0.00012587 0.214522
-13 47 -0.081994 0.27423
-13 49 0.000244889 0.142715
-13 51 -0.0482954 0.146343
-13 53 -0.106039 0.295052
-13 55 -0.0598836 0.0843156
-13 57 -0.0329574 0.26814
-13 59 0.0586652 0.155578
-11 -59 -0.0900702 -0.467561
-11 -57 -0.0193969 -0.412317
-11 -55 0.0150226 -0.349108
-11 -53 -0.0125713 -0.00717974
-11 -51 -0.0837361 -0.224168
-11 -49 -0.0217065 -0.240563
-11 -47 -0.0351947 -0.331218
-11 -45 0.0202256 -0.143707
-11 -43 -0.0572809 -0.149351
-11 -41 -0.0967377 -0.315597
-11 -39 -0.0431645 -0.218994
-11 -37 -0.0523264 -0.160378
-11 -35 -0.134199 -0.224447
-11 -33 -0.150052 -0.478392
-11 -31 -0.152939 -0.434794
-11 -29 -0.142837 -0.382234
-11 -27 -0.144056 -0.369358
-11 -25 -0.168402 -0.403508
-11 -23 -0.206909 -0.464512
-11 -21 -0.242 -0.503012
-11 -19 -0.266481 -0.506345
-11 -17 -0.272852 -0.474235
-11 -15 -0.26894 -0.419244
-11 -13 -0.260202 -0.35664
-11 -11 -0.245924 -0.289041
-11 -9 -0.226225 -0.22031
-11 -7 -0.202054 -0.154826
-11 -5 -0.176233 -0.0980168
-11 -3 -0.156056 -0.0530923
-11 -1 -0.145534 -0.0168923
-11 1 -0.145593 0.0169345
-11 3 -0.15607 0.05315
-11 5 -0.176418 0.0979927
-11 7 -0.202123 0.154663
-11 9 -0.226282 0.220917
-11 11 -0.245994 0.289342
-11 13 -0.260007 0.356433
-11 15 -0.269146 0.42036
-11 17 -0.27307 0.473847
-11 19 -0.266788 0.508859
-11 21 -0.245393 0.509212
-11 23 -0.208813 0.466556
-11 25 -0.170063 0.408252
-11 27 -0.149098 0.38112
-11 29 -0.142712 0.38714
-11 31 -0.148827 0.424819
-11 33 -0.126806 0.380675
-11 35 -0.0376945 0.224132
-11 37 -0.119426 0.290831
-11 39 -0.0601785 0.216371
-11 41 -0.0955824 0.340692
-11 43 -0.0966665 0.181682
-11 45 -0.0131411 0.147637
-11 47 -0.0354902 0.313242
-11 49 -0.003436 0.136265
-11 51 0.00939536 0.0815846
-11 53 -0.0531174 0.161859
-11 55 0.0782667 0.0883134
-11 57 0.00495181 0.192018
-11 59 -0.00450358 0.156246
-9 -59 -0.00815864 -0.0908986
-9 -57 0.0527113 -0.158549
-9 -55 -0.015216 -0.104236
-9 -53 0.0231613 -0.0563084
-9 -51 0.0117519 -0.264791
-9 -49 -0.059877 -0.08227
-9 -47 -0.0264445 -0.270856
-9 -45 0.0295422 -0.0751956
-9 -43 -0.0110274 -0.241861
-9 -41 -0.0752893 -0.160448
-9 -39 -0.0222676 -0.27773
-9 -37 -0.00820122 -0.27735
-9 -35 -0.0678724 -0.312838
-9 -33 -0.119759 -0.45145
-9 -31 -0.117908 -0.422503
-9 -29 -0.112196 -0.381316
-9 -27 -0.11802 -0.382072
-9 -25 -0.138582 -0.42532
-9 -23 -0.170189 -0.485634
-9 -21 -0.196482 -0.521957
-9 -19 -0.205686 -0.508548
-9 -17 -0.207791 -0.471105
-9 -15 -0.201151 -0.412751
-9 -13 -0.190287 -0.346037
-9 -11 -0.175724 -0.275057
-9 -9 -0.154837 -0.201983
-9 -7 -0.129829 -0.134792
-9 -5 -0.106249 -0.0822615
-9 -3 -0.0905296 -0.0442435
-9 -1 -0.0834834 -0.0140788
-9 1 -0.0836216 0.0140675
-9 3 -0.090571 0.044507
-9 5 -0.106195 0.0820597
-9 7 -0.129771 0.134508
-9 9 -0.155163 0.20185
-9 11 -0.17585 0.275003
-9 13 -0.19053 0.345876
-9 15 -0.200397 0.412841
-9 17 -0.207813 0.470816
-9 19 -0.207191 0.510886
-9 21 -0.196028 0.520301
-9 23 -0.16935 0.484674
-9 25 -0.140897 0.427421
-9 27 -0.118717 0.382186
-9 29 -0.114678 0.389735
-9 31 -0.11775 0.422795
-9 33 -0.120588 0.439742
-9 35 -0.0789438 0.35777
-9 37 -0.0833025 0.330149
-9 39 -0.0611493 0.228601
-9 41 -0.0765917 0.393514
-9 43 -0.0366432 0.1524
-9 45 -0.0162556 0.206468
-9 47 0.0415048 0.218183
-9 49 -0.0276209 0.29962
-9 51 -0.0137425 0.119227
-9 53 -0.0386514 0.139547
-9 55 -0.101595 0.289869
-9 57 -0.0505542 0.333823
-9 59 -0.105714 0.389294
-7 -59 0.0369502 -0.137104
-7 -57 -0.0586186 -0.0331178
-7 -55 0.0206863 -0.375281
-7 -53 -0.203689 -0.530627
-7 -51 -0.11937 -0.263409
-7 -49 -0.0683832 -0.130008
-7 -47 -0.00198059 -0.326127
-7 -45 -0.0328535 -0.175875
-7 -43 -0.000269482 -0.0487703
-7 -41 -0.0529163 -0.27186
-7 -39 -0.053558 -0.22952
-7 -37 -0.0561219 -0.151252
-7 -35 -0.0561839 -0.307986
-7 -33 -0.0892296 -0.441214
-7 -31 -0.0864214 -0.410572
-7 -29 -0.0827475 -0.38105
-7 -27 -0.089452 -0.389233
-7 -25 -0.103976 -0.437889
-7 -23 -0.125515 -0.497492
-7 -21 -0.13959 -0.522539
-7 -19 -0.144616 -0.510588
-7 -17 -0.14137 -0.463842
-7 -15 -0.134798 -0.403631
-7 -13 -0.124583 -0.336136
-7 -11 -0.111322 -0.261653
-7 -9 -0.0930178 -0.186012
-7 -7 -0.0716874 -0.120034
-7 -5 -0.0544191 -0.0722272
-7 -3 -0.0445041 -0.0388917
-7 -1 -0.040164 -0.0122416
-7 1 -0.04008 0.012379
-7 3 -0.0444325 0.0388667
-7 5 -0.0546479 0.0718939
-7 7 -0.0716099 0.119818
-7 9 -0.092939 0.186509
-7 11 -0.110993 0.261741
-7 13 -0.12414 0.335649
-7 15 -0.134721 0.40444
-7 17 -0.142171 0.463617
-7 19 -0.143797 0.5054
-7 21 -0.140061 0.524849
-7 23 -0.126005 0.49991
-7 25 -0.104845 0.437146
-7 27 -0.0872265 0.388222
-7 29 -0.0814956 0.377672
-7 31 -0.0855351 0.413698
-7 33 -0.0875485 0.441575
-7 35 -0.0452707 0.389331
-7 37 -0.0358183 0.256852
-7 39 -0.0441318 0.247041
-7 41 -0.0328325 0.28241
-7 43 -0.0556348 0.215842
-7 45 -0.0583182 0.190025
-7 47 -0.000144806 0.216109
-7 49 -0.049944 0.225314
-7 51 -0.0642877 0.260773
-7 53 -0.0459629 0.37949
-7 55 -0.0737275 0.303111
-7 57 -0.0989325 0.0753985
-7 59 -0.0659514 0.00147498
-5 -59 0.052839 -0.228484
-5 -57 -0.112127 -0.189398
-5 -55 0.0161512 -0.107401
-5 -53 0.0162573 -0.366168
-5 -51 -0.0181867 -0.153446
-5 -49 0.00455661 -0.146143
-5 -47 0.00780285 -0.370586
-5 -45 -0.00439504 -0.365438
-5 -43 0.00976885 -0.218533
-5 -41 -0.0469971 -0.269366
-5 -39 -0.0510424 -0.23654
-5 -37 -0.0157703 -0.270494
-5 -35 -0.0419506 -0.403961
-5 -33 -0.0560379 -0.447213
-5 -31 -0.0565895 -0.405316
-5 -29 -0.0529329 -0.382767
-5 -27 -0.0565917 -0.390436
-5 -25 -0.0655031 -0.436185
-5 -23 -0.0775422 -0.50025
-5 -21 -0.0834277 -0.520293
-5 -19 -0.0834378 -0.499879
-5 -17 -0.077388 -0.454954
-5 -15 -0.069691 -0.39587
-5 -13 -0.0610913 -0.327491
-5 -11 -0.0502509 -0.254221
-5 -9 -0.0376343 -0.177316
-5 -7 -0.0236151 -0.112614
-5 -5 -0.0123673 -0.0664435
-5 -3 -0.00535241 -0.0349382
-5 -1 -0.0014111 -0.0110973
-5 1 -0.00125548 0.010995
-5 3 -0.00524505 0.035167
-5 5 -0.0124979 0.0664714
-5 7 -0.023408 0.112526
-5 9 -0.0375576 0.177739
-5 11 -0.0509819 0.253928
-5 13 -0.0611849 0.328259
-5 15 -0.0704441 0.397604
-5 17 -0.077896 0.45571
-5 19 -0.0820585 0.500157
-5 21 -0.0841135 0.52128
-5 23 -0.0779706 0.5022
-5 25 -0.0669198 0.447252
-5 27 -0.0561263 0.391495
-5 29 -0.0538209 0.380379
-5 31 -0.0571001 0.414629
-5 33 -0.0633143 0.460914
-5 35 -0.0568313 0.412491
-5 37 0.00433385 0.186212
-5 39 -0.0607336 0.311817
-5 41 -0.0232218 0.0909841
-5 43 -0.0372811 0.368573
-5 45 -0.0421358 0.112492
-5 47 -0.0435835 0.352913
-5 49 -0.00820507 0.332275
-5 51 -0.0610708 0.309962
-5 53 -0.00444659 0.202452
-5 55 -0.164352 0.162797
-5 57 -0.0345306 -0.00919028
-5 59 0.14973 0.175598
-3 -59 -0.059008 -0.1651
-3 -57 0.0430935 -0.253286
-3 -55 -0.136084 0.0661523
-3 -53 0.0590794 -0.158541
-3 -51 0.0231906 -0.164151
-3 -49 0.0221104 -0.13541
-3 -47 0.0152318 -0.30976
-3 -45 0.0652163 -0.194218
-3 -43 0.000539321 -0.266966
-3 -41 -0.00690026 -0.128657
-3 -39 -0.00251861 -0.26634
-3 -37 -0.00712867 -0.223402
-3 -35 -0.0334187 -0.403505
-3 -33 -0.0300565 -0.43651
-3 -31 -0.0266072 -0.408279
-3 -29 -0.0242994 -0.376976
-3 -27 -0.0252038 -0.39451
-3 -25 -0.0271732 -0.431001
-3 -23 -0.0290045 -0.490074
-3 -21 -0.0274766 -0.502068
-3 -19 -0.0229771 -0.487136
-3 -17 -0.0157159 -0.444748
-3 -15 -0.00836388 -0.389679
-3 -13 0.000367847 -0.324269
-3 -11 0.00813471 -0.251861
-3 -9 0.0163703 -0.178164
-3 -7 0.024724 -0.113176
-3 -5 0.0317427 -0.0656604
-3 -3 0.0387337 -0.0331307
-3 -1 0.0442452 -0.0101041
-3 1 0.0442311 0.0103729
-3 3 0.0384757 0.0332674
-3 5 0.0316653 0.0658365
-3 7 0.0245869 0.113215
-3 9 0.0168321 0.178224
-3 11 0.00830998 0.252208
-3 13 -0.000281585 0.32342
-3 15 -0.00860134 0.388972
-3 17 -0.015895 0.445256
-3 19 -0.0229605 0.488298
-3 21 -0.0275235 0.505281
-3 23 -0.0297255 0.489443
-3 25 -0.0271597 0.441041
-3 27 -0.0242325 0.388318
-3 29 -0.0245508 0.382248
-3 31 -0.0265628 0.399306
-3 33 -0.0320011 0.458651
-3 35 -0.0259447 0.442023
-3 37 -0.0153874 0.17039
-3 39 -0.0389056 0.182937
-3 41 -0.0692248 0.195886
-3 43 -0.0910302 0.287262
-3 45 0.00174393 0.244546
-3 47 -0.0251205 0.12092
-3 49 -0.0306802 0.141973
-3 51 0.0494858 0.0677962
-3 53 0.0649654 0.372007
-3 55 -0.0953483 0.0429762
-3 57 -0.159109 0.344574
-3 59 -0.0233502 0.270786
-1 -59 -0.0417354 -0.670718
-1 -57 0.0170476 -0.131871
-1 -55 0.0149805 -0.2635
-1 -53 -0.0360603 -0.115833
-1 -51 -0.0493537 -0.280966
-1 -49 0.0202507 -0.210381
-1 -47 -0.0136756 -0.141556
-1 -45 0.0522841 -0.369155
-1 -43 0.000143609 -0.204468
-1 -41 -0.0151521 -0.169545
-1 -39 -0.0173575 -0.223263
-1 -37 0.0167259 -0.311614
-1 -35 -0.0064394 -0.416937
-1 -33 0.000227534 -0.433427
-1 -31 0.00166987 -0.396291
-1 -29 0.00210085 -0.375847
-1 -27 0.00605862 -0.383068
-1 -25 0.0105518 -0.4174
-1 -23 0.0164813 -0.469673
-1 -21 0.0236015 -0.481708
-1 -19 0.0324971 -0.469275
-1 -17 0.0408614 -0.435172
-1 -15 0.050235 -0.382
-1 -13 0.0592444 -0.320334
-1 -11 0.0671925 -0.254447
-1 -9 0.0744364 -0.185903
-1 -7 0.0803434 -0.122958
-1 -5 0.0868493 -0.0731086
-1 -3 0.0963416 -0.0387959
-1 -1 0.104212 -0.0123739
-1 1 0.104294 0.012131
-1 3 0.0961567 0.0383208
-1 5 0.0870656 0.0734229
-1 7 0.0798521 0.122715
-1 9 0.074094 0.186239
-1 11 0.0674509 0.254377
-1 13 0.0590924 0.320912
-1 15 0.0506288 0.380259
-1 17 0.0413287 0.432217
-1 19 0.0321132 0.4726
-1 21 0.0240842 0.487531
-1 23 0.0163478 0.461767
-1 25 0.00966033 0.42336
-1 27 0.00571352 0.381709
-1 29 0.00380017 0.376517
-1 31 0.00200985 0.393004
-1 33 -0.000899595 0.449714
-1 35 -0.0105419 0.439812
-1 37 0.0384367 0.248608
-1 39 0.0201656 0.133108
-1 41 0.0305259 0.204089
-1 43 -0.0197081 0.233312
-1 45 0.009981 0.286855
-1 47 -0.016406 0.16424
-1 49 -0.00647246 0.210941
-1 51 0.132995 0.451926
-1 53 0.0664517 0.221822
-1 55 0.101599 0.136632
-1 57 0.00776295 0.116449
-1 59 0.0461618 0.155878
1 -57 -0.0475207 -0.170274
1 -55 0.0569836 -0.38017
1 -53 0.0777334 -0.0285684
1 -51 0.139486 -0.219429
1 -49 0.170336 -0.166426
1 -47 0.0251751 -0.184617
1 -45 0.0270777 -0.0428713
1 -43 -0.000450376 -0.295497
1 -41 -0.0293502 -0.231058
1 -39 -0.0907874 -0.275032
1 -37 0.0128565 -0.212702
1 -35 0.0351368 -0.38344
1 -33 0.0298049 -0.460802
1 -31 0.0313818 -0.398099
1 -29 0.0308369 -0.367767
1 -27 0.0350911 -0.368666
1 -25 0.0437813 -0.402218
1 -23 0.0565229 -0.439649
1 -21 0.0703457 -0.458172
1 -19 0.0828397 -0.449355
1 -17 0.0933975 -0.414861
1 -15 0.103689 -0.369427
1 -13 0.113639 -0.316142
1 -11 0.122884 -0.256555
1 -9 0.131022 -0.196779
1 -7 0.137626 -0.1389
1 -5 0.145442 -0.0903956
1 -3 0.153527 -0.0519958
1 -1 0.157651 -0.0168744
1 1 0.15752 0.0176054
1 3 0.153176 0.0521427
1 5 0.145433 0.0903672
1 7 0.138493 0.139061
1 9 0.130206 0.196457
1 11 0.122154 0.256281
1 13 0.112573 0.314954
1 15 0.103726 0.371625
1 17 0.0931787 0.416334
1 19 0.0825221 0.447801
1 21 0.0702009 0.458149
1 23 0.0558318 0.43152
1 25 0.0442362 0.401918
1 27 0.0347859 0.368695
1 29 0.0316548 0.371087
1 31 0.0296439 0.396878
1 33 0.0268165 0.440502
1 35 0.0361794 0.432415
1 37 0.0375789 0.292536
1 39 0.00514137 0.172387
1 41 0.039413 0.391458
1 43 0.0679227 0.255956
1 45 0.0844855 0.0594325
1 47 -0.0418885 0.193033
1 49 -0.0241382 0.303077
1 51 0.0196872 0.159978
1 53 0.00318438 0.198901
1 55 -0.0275186 0.0961001
1 57 0.0325886 0.212068
1 59 0.0228632 0.170377
3 -59 0.0278233 -0.247913
3 -55 -0.0406691 -0.190826
3 -53 0.0356674 -0.133378
3 -51 0.0646987 -0.0483977
3 -49 -0.0125885 -0.170571
3 -47 0.108541 -0.233636
3 -45 0.0238253 -0.342469
3 -43 0.000698459 -0.237048
3 -41 -0.0119357 -0.141376
3 -39 0.0362585 -0.17294
3 -37 0.0289515 -0.286644
3 -35 0.0467375 -0.459623
3 -33 0.0578461 -0.43531
3 -31 0.0581752 -0.402758
3 -29 0.056792 -0.361689
3 -27 0.0628086 -0.355871
3 -25 0.0728629 -0.374277
3 -23 0.0897707 -0.406281
3 -21 0.105278 -0.421513
3 -19 0.124203 -0.424803
3 -17 0.136212 -0.392936
3 -15 0.14885 -0.355097
3 -13 0.15763 -0.305951
3 -11 0.168635 -0.255748
3 -9 0.174631 -0.201928
3 -7 0.181967 -0.150071
3 -5 0.186946 -0.103812
3 -3 0.190387 -0.0607523
3 -1 0.192441 -0.0205011
3 1 0.191154 0.0192875
3 3 0.190127 0.0613622
3 5 0.186657 0.102877
3 7 0.181674 0.1495
3 9 0.174851 0.201238
3 11 0.167281 0.254959
3 13 0.15854 0.307099
3 15 0.148357 0.35616
3 17 0.138048 0.396904
3 19 0.123738 0.420187
3 21 0.10876 0.425607
3 23 0.0890406 0.402683
3 25 0.0722301 0.371721
3 27 0.0624423 0.354163
3 29 0.0575132 0.364128
3 31 0.0574538 0.394045
3 33 0.0554405 0.43176
3 35 0.0764538 0.415813
3 37 0.0736146 0.264889
3 39 -0.0240848 0.256151
3 41 0.0494834 0.174081
3 43 -0.0288204 0.114743
3 45 -0.0137039 0.215947
3 47 -0.073792 0.25023
3 49 -0.0696818 0.0699631
3 51 0.00666155 0.148363
3 53 -0.053081 0.0670791
3 55 -0.00190674 0.0604877
3 57 -0.12352 0.528294
3 59 -0.0735062 0.100919
5 -59 0.190932 -0.5287
5 -57 -0.0210166 -0.161808
5 -55 0.120976 -0.0631941
5 -53 0.0390873 -0.260538
5 -51 -0.0256468 -0.154859
5 -49 0.0507407 -0.103984
5 -47 0.0225608 -0.284649
5 -45 0.0312556 -0.255442
5 -43 -0.00482336 -0.174609
5 -41 0.0138992 -0.212541
5 -39 0.0550498 -0.260129
5 -37 0.0589744 -0.126164
5 -35 0.0541797 -0.279914
5 -33 0.0848238 -0.431193
5 -31 0.0839371 -0.397916
5 -29 0.0853799 -0.364517
5 -27 0.0853577 -0.338377
5 -25 0.0985091 -0.353987
5 -23 0.115176 -0.372432
5 -21 0.136607 -0.390324
5 -19 0.155374 -0.386652
5 -17 0.170885 -0.367899
5 -15 0.185106 -0.337203
5 -13 0.19498 -0.293765
5 -11 0.201508 -0.246491
5 -9 0.208779 -0.197365
5 -7 0.21248 -0.151956
5 -5 0.214761 -0.105208
5 -3 0.215713 -0.0624184
5 -1 0.216643 -0.0207327
5 1 0.216664 0.0212399
5 3 0.214589 0.0619448
5 5 0.215125 0.105917
5 7 0.210576 0.150745
5 9 0.207167 0.198396
5 11 0.202152 0.246532
5 13 0.19472 0.293605
5 15 0.183416 0.33518
5 17 0.171798 0.369131
5 19 0.155316 0.386292
5 21 0.136195 0.387679
5 23 0.116399 0.375062
5 25 0.0975994 0.349857
5 27 0.0871337 0.342071
5 29 0.0824098 0.356772
5 31 0.0866224 0.401615
5 33 0.0859589 0.434056
5 35 0.0569959 0.334363
5 37 0.0528624 0.213431
5 39 0.0645325 0.306709
5 41 0.0745113 0.162702
5 43 0.0591519 0.162645
5 45 0.0104094 0.392682
5 47 0.0526217 0.082201
5 49 0.115437 0.0881526
5 51 0.0941279 0.163943
5 53 0.0257403 0.238452
5 55 -0.136363 0.243452
5 57 -0.0303971 0.114604
5 59 -0.00462208 0.169559
7 -59 0.000119392 -0.0187517
7 -57 0.0655402 -0.24663
7 -55 0.033249 -0.329902
7 -53 0.0124069 -0.174237
7 -51 0.0389183 -0.0739052
7 -49 0.0499207 -0.210874
7 -47 0.0508335 -0.178088
7 -45 0.0377299 -0.300012
7 -43 -0.0118162 -0.0648219
7 -41 0.033242 -0.185511
7 -39 0.0614591 -0.135901
7 -37 0.0639913 -0.27483
7 -35 0.0456682 -0.277744
7 -33 0.110896 -0.424805
7 -31 0.113763 -0.396892
7 -29 0.113094 -0.364702
7 -27 0.110529 -0.335113
7 -25 0.117569 -0.326308
7 -23 0.134497 -0.339713
7 -21 0.158536 -0.353729
7 -19 0.177546 -0.350283
7 -17 0.197488 -0.343024
7 -15 0.209284 -0.311505
7 -13 0.223733 -0.278998
7 -11 0.230319 -0.236419
7 -9 0.234591 -0.191535
7 -7 0.236884 -0.147808
7 -5 0.236607 -0.102194
7 -3 0.235876 -0.0608166
7 -1 0.237689 -0.0202729
7 1 0.236529 0.0205606
7 3 0.237304 0.0610376
7 5 0.237026 0.102743
7 7 0.237721 0.147841
7 9 0.232105 0.18987
7 11 0.228266 0.236227
7 13 0.223778 0.279229
7 15 0.210675 0.312636
7 17 0.196632 0.339201
7 19 0.178058 0.3531
7 21 0.155485 0.346946
7 23 0.136409 0.341818
7 25 0.118451 0.328647
7 27 0.108985 0.331105
7 29 0.108926 0.359935
7 31 0.114516 0.403337
7 33 0.109762 0.43058
7 35 0.0466332 0.237699
7 37 0.0450507 0.149755
7 39 0.0720405 0.231995
7 41 0.00479578 0.214368
7 43 0.0458408 0.36459
7 45 0.0457057 0.166902
7 47 0.0410824 0.286569
7 49 0.075847 0.22183
7 51 -0.023524 0.01205
7 53 -0.0541961 0.106109
7 55 0.0515675 0.136668
7 57 0.0500753 0.088121
7 59 -0.201797 0.099653
9 -59 -0.0389452 -0.223254
9 -57 0.116208 -0.264877
9 -55 0.0182796 -0.189339
9 -53 0.100765 -0.326909
9 -51 0.184062 -0.14975
9 -49 0.0969664 -0.168892
9 -47 0.0930445 -0.300772
9 -45 0.034449 -0.186626
9 -43 0.0279244 -0.186607
9 -41 0.188132 -0.233461
9 -39 0.0483833 -0.216817
9 -37 0.0774591 -0.145483
9 -35 0.0668074 -0.211873
9 -33 0.12928 -0.393202
9 -31 0.14382 -0.407036
9 -29 0.13723 -0.360136
9 -27 0.139 -0.337459
9 -25 0.138175 -0.311116
9 -23 0.152948 -0.313093
9 -21 0.170448 -0.317828
9 -19 0.192943 -0.317021
9 -17 0.214693 -0.309649
9 -15 0.232032 -0.292728
9 -13 0.241972 -0.260209
9 -11 0.249006 -0.222952
9 -9 0.2564 -0.184711
9 -7 0.257946 -0.142396
9 -5 0.258578 -0.101943
9 -3 0.256614 -0.0614231
9 -1 0.258415 -0.0198467
9 1 0.258505 0.019321
9 3 0.258442 0.059627
9 5 0.25792 0.101651
9 7 0.258483 0.143235
9 9 0.254641 0.183844
9 11 0.251873 0.224513
9 13 0.242279 0.260526
9 15 0.230104 0.289819
9 17 0.21328 0.307988
9 19 0.194043 0.318918
9 21 0.170741 0.314066
9 23 0.149446 0.306891
9 25 0.139182 0.311625
9 27 0.136433 0.33173
9 29 0.138209 0.358973
9 31 0.144838 0.410704
9 33 0.135173 0.409298
9 35 0.00363998 0.241896
9 37 0.0719517 0.300451
9 39 0.143558 0.307058
9 41 0.21128 0.439818
9 43 -0.0269205 0.175641
9 45 0.0636491 0.152383
9 49 -0.00675956 0.144178
9 51 0.0460399 0.221712
9 53 0.145262 0.331531
9 55 0.156334 0.0871991
9 57 0.0557043 0.0879904
9 59 -0.00696539 0.206402
11 -57 0.177167 -0.226059
11 -55 -0.0430944 -0.00483171
11 -53 0.192289 -0.306149
11 -51 -0.0291577 -0.0789137
11 -49 0.0914822 -0.187459
11 -47 0.0263057 -0.0105293
11 -45 0.0161338 -0.204136
11 -43 0.156635 -0.397876
11 -41 0.0561422 -0.0839014
11 -39 0.0610252 -0.156513
11 -37 0.0524065 -0.180873
11 -35 0.0736484 -0.167578
11 -33 0.156403 -0.372256
11 -31 0.174092 -0.409085
11 -29 0.168582 -0.372262
11 -27 0.162187 -0.330409
11 -25 0.161168 -0.301914
11 -23 0.169421 -0.294949
11 -21 0.181525 -0.285437
11 -19 0.204078 -0.289037
11 -17 0.223092 -0.278163
11 -15 0.2441 -0.265782
11 -13 0.256154 -0.239329
11 -11 0.2687 -0.210034
11 -9 0.276777 -0.176263
11 -7 0.278158 -0.137572
11 -5 0.280053 -0.0984611
11 -3 0.282806 -0.0595875
11 -1 0.28143 -0.0201216
11 1 0.279989 0.0194736
11 3 0.281609 0.0586257
11 5 0.280777 0.0981446
11 7 0.277865 0.137128
11 9 0.277038 0.176835
11 11 0.264415 0.206364
11 13 0.256401 0.239891
11 15 0.243813 0.264867
11 17 0.22511 0.280406
11 19 0.204261 0.286957
11 21 0.185642 0.292027
11 23 0.166828 0.290623
11 25 0.159009 0.299068
11 27 0.161934 0.332004
11 29 0.172227 0.375938
11 31 0.172701 0.411299
11 33 0.125909 0.364555
11 35 0.0995288 0.23195
11 37 0.111778 0.218307
11 39 0.0453772 0.214631
11 41 0.0175599 0.118079
11 43 0.0686894 0.0799859
11 45 0.0077559 0.155185
11 47 0.0460683 0.257575
11 49 0.106953 0.346695
11 51 0.0695894 0.292838
11 53 0.0950072 0.117584
11 55 -0.228241 0.0320474
11 57 0.167692 0.217609
11 59 -0.0843333 0.265772
13 -59 0.0810046 -0.253202
13 -57 0.0498083 0.00455617
13 -55 0.0212371 -0.125624
13 -53 0.0726852 -0.349699
13 -51 0.0602831 -0.0549696
13 -49 0.0498327 -0.197822
13 -47 0.0122253 -0.229774
13 -45 0.0891982 -0.321641
13 -43 0.0847772 -0.0898262
13 -41 0.109195 -0.248793
13 -39 0.088126 -0.216951
13 -37 0.137691 -0.276298
13 -35 0.190436 -0.353579
13 -33 0.113027 -0.261875
13 -31 0.192403 -0.385358
13 -29 0.197825 -0.371149
13 -27 0.18501 -0.326601
13 -25 0.184157 -0.29902
13 -23 0.183689 -0.275375
13 -21 0.189903 -0.260056
13 -19 0.20743 -0.254265
13 -17 0.225121 -0.245328
13 -15 0.248561 -0.237609
13 -13 0.263691 -0.218074
13 -11 0.281236 -0.194817
13 -9 0.290012 -0.165142
13 -7 0.294281 -0.130949
13 -5 0.301962 -0.0952875
13 -3 0.303142 -0.0567297
13 -1 0.304272 -0.0196978
13 1 0.300318 0.0188931
13 3 0.30168 0.0572143
13 5 0.303538 0.0949284
13 7 0.297035 0.129793
13 9 0.288696 0.164175
13 11 0.279669 0.195264
13 13 0.26534 0.219134
13 15 0.251089 0.240241
13 17 0.229549 0.252613
13 19 0.207067 0.256225
13 21 0.194998 0.267355
13 23 0.184735 0.277472
13 25 0.187874 0.307001
13 27 0.190312 0.332717
13 29 0.19743 0.373176
13 31 0.201392 0.403205
13 33 0.120019 0.190793
13 35 0.0720055 0.204288
13 37 0.140825 0.504065
13 39 0.136181 0.36821
13 41 0.140392 0.266046
13 43 0.170667 0.246815
13 45 0.0936137 0.10561
13 47 -0.0670645 0.153266
13 49 0.0791058 0.222415
13 51 0.0409184 0.154276
13 53 0.100364 0.281403
13 55 0.0916801 0.0972541
13 57 0.299352 0.427223
13 59 -0.060824 0.0440166
15 -59 0.0530709 -0.204168
15 -57 -0.0501611 -0.105981
15 -55 0.207625 -0.253759
15 -53 0.070767 -0.273383
15 -51 0.0691315 0.0119001
15 -49 0.0771049 -0.135019
15 -47 0.0653379 -0.206995
15 -45 -0.00234738 0.0144728
15 -43 0.0969966 -0.239332
15 -41 0.163141 -0.155052
15 -39 0.0886974 -0.146282
15 -37 0.099758 -0.193795
15 -35 -0.0436304 -0.116675
15 -33 0.130672 -0.164332
15 -31 0.21796 -0.364029
15 -29 0.221985 -0.373448
15 -27 0.222255 -0.337958
15 -25 0.215201 -0.3086
15 -23 0.207336 -0.271698
15 -21 0.211028 -0.253223
15 -19 0.218616 -0.238785
15 -17 0.233369 -0.226379
15 -15 0.249059 -0.212221
15 -13 0.263501 -0.195051
15 -11 0.282734 -0.176318
15 -9 0.295638 -0.149019
15 -7 0.306959 -0.120445
15 -5 0.308619 -0.0864805
15 -3 0.320122 -0.0540971
15 -1 0.319346 -0.0197301
15 1 0.32031 0.0177255
15 3 0.315619 0.053031
15 5 0.310135 0.0870303
15 7 0.304053 0.118897
15 9 0.297116 0.151582
15 11 0.281583 0.177238
15 13 0.265694 0.196539
15 15 0.252993 0.215937
15 17 0.230171 0.223113
15 19 0.220393 0.239788
15 21 0.207983 0.249405
15 23 0.203004 0.267752
15 25 0.211131 0.302282
15 27 0.220795 0.3367
15 29 0.217701 0.356553
15 31 0.179122 0.328695
15 33 0.108466 0.260584
15 35 0.0336976 0.0595423
15 37 0.106653 0.21316
15 39 0.135034 0.184202
15 41 0.0574005 0.19336
15 43 0.269369 0.538319
15 45 0.122353 0.326907
15 47 0.0523088 0.11276
15 49 0.0415679 0.201784
15 53 -0.0244943 -0.0179995
15 55 -0.128224 0.0395301
15 57 0.0616495 0.178419
15 59 -0.0627399 0.0798313
17 -59 0.141901 -0.213335
17 -53 0.0729876 -0.141929
17 -51 0.0992892 -0.440158
17 -49 0.0361029 -0.0748353
17 -47 0.0809134 -0.501659
17 -45 0.0890251 -0.261348
17 -43 0.0554147 -0.145004
17 -41 -0.00721387 -0.00541598
17 -39 0.128124 -0.18848
17 -37 0.0694938 -0.112976
17 -35 0.145326 -0.234215
17 -33 0.0619838 -0.0867185
17 -31 0.13979 -0.26399
17 -29 0.244243 -0.36499
17 -27 0.248865 -0.339583
17 -25 0.23748 -0.29696
17 -23 0.235514 -0.274908
17 -21 0.230801 -0.245659
17 -19 0.233202 -0.227739
17 -17 0.234661 -0.205411
17 -15 0.242607 -0.187475
17 -13 0.265394 -0.175829
17 -11 0.27872 -0.157628
17 -9 0.295751 -0.136166
17 -7 0.313735 -0.111907
17 -5 0.315273 -0.0809855
17 -3 0.322944 -0.0492522
17 -1 0.326797 -0.0162752
17 1 0.327802 0.0157119
17 3 0.327537 0.0495641
17 5 0.320524 0.082325
17 7 0.309378 0.110883
17 9 0.296802 0.135601
17 11 0.279147 0.156521
17 13 0.268896 0.17829
17 15 0.252357 0.195084
17 17 0.239111 0.207987
17 19 0.229413 0.222494
17 21 0.234915 0.251583
17 23 0.238286 0.277699
17 25 0.241965 0.306911
17 27 0.2566 0.34707
17 29 0.231159 0.329476
17 31 0.108505 0.17007
17 33 0.0988026 0.249132
17 35 0.0396266 0.152723
17 37 0.0266257 0.0487543
17 39 0.00315246 0.0297383
17 41 0.213494 0.343398
17 43 0.0124679 0.283858
17 45 0.165033 0.260779
17 47 0.0560938 0.0695606
17 49 0.107972 0.249064
17 51 0.113781 0.107186
17 53 0.0917711 0.154983
17 55 0.096667 -0.020366
17 57 0.0879989 0.0805921
17 59 -0.0428177 0.155563
19 -59 0.105491 -0.0518795
19 -57 0.161914 -0.219957
19 -55 0.0203818 -0.122405
19 -53 0.272807 -0.26667
19 -51 -0.0684155 -0.147755
19 -49 0.0134191 -0.156422
19 -47 0.199192 -0.222136
19 -45 0.036856 -0.150601
19 -43 0.0330571 -0.246058
19 -41 -0.00903726 -0.0612782
19 -39 0.0368665 -0.104735
19 -37 0.0975893 -0.156111
19 -35 0.120833 -0.161335
19 -33 0.0945445 -0.155351
19 -31 0.106557 -0.162177
19 -29 0.120736 -0.172571
19 -27 0.264659 -0.347174
19 -25 0.276447 -0.315075
19 -23 0.262217 -0.275374
19 -21 0.264054 -0.254089
19 -19 0.254457 -0.222127
19 -17 0.255586 -0.201466
19 -15 0.261449 -0.181078
19 -13 0.269822 -0.162778
19 -11 0.27326 -0.140819
19 -9 0.295509 -0.122636
19 -7 0.30394 -0.0976532
19 -5 0.306157 -0.0715461
19 -3 0.312802 -0.0425548
19 -1 0.324021 -0.0146752
19 1 0.318662 0.0145406
19 3 0.315497 0.0451835
19 5 0.306298 0.0700496
19 7 0.296823 0.0958397
19 9 0.290567 0.12186
19 11 0.276604 0.141548
19 13 0.262987 0.159344
19 15 0.259964 0.180908
19 17 0.253912 0.201254
19 19 0.255983 0.223921
19 21 0.256974 0.246744
19 23 0.269572 0.282239
19 25 0.275331 0.309653
19 27 0.261002 0.323012
19 29 0.159841 0.17621
19 31 0.152093 0.195515
19 33 0.0853919 0.208953
19 35 0.0625581 0.120947
19 37 0.117784 0.160374
19 39 0.0706331 0.155341
19 41 0.0745711 0.160027
19 43 0.122773 0.117759
19 45 0.199702 0.493354
19 47 0.0909288 0.202749
19 49 -0.0163288 0.048491
19 51 0.0466732 0.179025
19 53 0.0950909 0.0947119
19 55 0.121841 0.0485288
19 57 0.1209 0.219172
21 -59 0.0998042 -0.254234
21 -57 0.134532 -0.277831
21 -55 -0.0673517 -0.205451
21 -53 0.0335105 -0.0857126
21 -51 0.191534 -0.300095
21 -49 0.0248525 -0.115877
21 -47 0.0628441 -0.119487
21 -45 -0.027388 -0.121155
21 -43 0.235972 -0.248832
21 -41 0.181016 -0.344492
21 -39 0.111982 -0.143722
21 -37 0.0890296 -0.0928294
21 -35 0.0826627 -0.0987388
21 -33 0.0975999 -0.129109
21 -31 0.105567 -0.283754
21 -29 0.114041 -0.153193
21 -27 0.267748 -0.241649
21 -25 0.303672 -0.316856
21 -23 0.290846 -0.272231
21 -21 0.292104 -0.256009
21 -19 0.282719 -0.223038
21 -17 0.284267 -0.20375
21 -15 0.27869 -0.17628
21 -13 0.278522 -0.15294
21 -11 0.277573 -0.129171
21 -9 0.29267 -0.112127
21 -7 0.292148 -0.0869216
21 -5 0.302176 -0.0634063
21 -3 0.308868 -0.0394904
21 -1 0.309426 -0.0129344
21 1 0.306361 0.0126826
21 3 0.302874 0.0394985
21 5 0.297121 0.0615462
21 7 0.290336 0.0860263
21 9 0.288247 0.110563
21 11 0.282009 0.131852
21 13 0.279673 0.152809
21 15 0.276482 0.17604
21 17 0.280226 0.198796
21 19 0.283865 0.224677
21 21 0.302138 0.26152
21 23 0.295208 0.282693
21 25 0.284369 0.300485
21 27 0.208468 0.264817
21 29 0.102912 0.236879
21 31 0.0270559 0.116128
21 33 0.143926 0.156896
21 35 0.0972313 0.19152
21 37 0.103475 0.160452
21 39 0.0822613 0.156501
21 41 0.083684 0.144314
21 43 0.0457388 0.15017
21 45 0.0648012 0.118345
21 47 0.0976558 0.365918
21 49 0.252394 0.278737
21 51 0.0675453 0.0752114
21 53 0.0884266 0.226862
21 55 0.0612234 0.161332
21 57 0.00510661 0.101334
21 59 0.187743 0.350524
23 -59 0.000285703 -0.08893
23 -57 0.095772 -0.212561
23 -55 0.0418002 -0.144108
23 -53 0.13314 -0.249939
23 -51 0.218978 -0.251765
23 -49 -0.0398322 -0.170296
23 -47 0.0390082 -0.142163
23 -45 0.0466839 0.193194
23 -43 0.145048 -0.148027
23 -41 0.00574379 -0.0586569
23 -39 0.0897629 -0.190527
23 -37 0.0305113 -0.106506
23 -35 0.0219206 -0.186193
23 -33 0.104425 -0.150212
23 -31 0.145419 -0.0828441
23 -29 0.185364 -0.176741
23 -27 0.135771 -0.179721
23 -25 0.212182 -0.207132
23 -23 0.344932 -0.298459
23 -21 0.314032 -0.251001
23 -19 0.328768 -0.236826
23 -17 0.311124 -0.201511
23 -15 0.310911 -0.177533
23 -13 0.296363 -0.148715
23 -11 0.303859 -0.130331
23 -9 0.302779 -0.106686
23 -7 0.305316 -0.0836047
23 -5 0.305442 -0.060924
23 -3 0.308979 -0.0361328
23 -1 0.306695 -0.0114578
23 1 0.306832 0.0130098
23 3 0.311573 0.0354941
23 5 0.304838 0.0591248
23 7 0.304352 0.0841706
23 9 0.304509 0.106957
23 11 0.298008 0.128363
23 13 0.299299 0.150239
23 15 0.307405 0.176943
23 17 0.313786 0.203238
23 19 0.313423 0.22355
23 21 0.319833 0.255325
23 23 0.319383 0.282963
23 25 0.287526 0.266149
23 27 0.155577 0.143277
23 29 0.107509 0.142536
23 31 0.124506 0.151023
23 33 0.182787 0.138315
23 35 0.0955538 0.231505
23 37 0.146129 0.14798
23 39 0.00742112 0.0455573
23 41 0.127077 0.215941
23 43 0.0455558 0.0970452
23 45 0.252763 0.238787
23 47 0.12059 0.230317
23 49 0.0112265 0.118533
23 51 0.169955 -0.0578834
23 53 0.0305191 0.1413
23 55 0.0330384 0.110446
23 57 0.0123025 0.159019
23 59 -0.0276092 0.0247905
25 -59 0.0847886 -0.127057
25 -57 0.117949 -0.295277
25 -55 0.0288749 0.00136191
25 -47 0.238328 -0.312929
25 -45 -0.0159584 -0.109266
25 -43 -0.0118407 -0.145207
25 -41 0.133024 -0.139748
25 -39 0.360194 -0.32132
25 -37 0.0201133 -0.100295
25 -35 0.16507 -0.16503
25 -33 0.101515 -0.224093
25 -31 0.124105 -0.24062
25 -29 0.108017 -0.203911
25 -27 0.105626 -0.0373404
25 -25 0.102822 -0.113037
25 -23 0.224975 -0.190057
25 -21 0.306046 -0.225769
25 -19 0.345648 -0.227706
25 -17 0.3422 -0.205229
25 -15 0.3424 -0.181387
25 -13 0.338032 -0.156461
25 -11 0.330733 -0.128886
25 -9 0.331289 -0.107389
25 -7 0.330709 -0.0820058
25 -5 0.327434 -0.058837
25 -3 0.32366 -0.03488
25 -1 0.324024 -0.0108749
25 1 0.321394 0.0119453
25 3 0.332023 0.0349696
25 5 0.332404 0.0583316
25 7 0.327645 0.0816037
25 9 0.328221 0.1047
25 11 0.337304 0.132199
25 13 0.335548 0.152694
25 15 0.339646 0.178882
25 17 0.353942 0.210577
25 19 0.342319 0.229505
25 21 0.323596 0.230573
25 23 0.241686 0.168692
25 25 0.144959 0.110187
25 27 0.122281 0.0447442
25 29 0.0734372 0.122056
25 31 0.17962 0.176334
25 33 0.155353 0.130276
25 35 0.0345546 0.0826419
25 37 0.138186 0.186416
25 39 0.101085 0.117692
25 41 0.0739624 0.131903
25 43 0.00639393 0.0344043
25 45 0.206771 0.163571
25 47 -0.00113712 0.131885
25 49 -0.0328204 0.300384
25 51 0.305517 0.558957
25 57 0.123389 0.113786
25 59 0.0381076 0.253281
27 -57 0.0646715 -0.0648029
27 -55 0.101593 -0.180229
27 -53 0.222424 -0.0998076
27 -51 -0.0250724 -0.225311
27 -47 0.119716 -0.155024
27 -45 0.135689 -0.169351
27 -43 -0.224254 0.0072976
27 -41 -0.000993415 -0.155034
27 -39 0.0521246 -0.0207892
27 -37 0.140195 -0.101775
27 -35 0.119486 -0.14331
27 -33 0.0550894 -0.0227547
27 -31 0.0656626 -0.124076
27 -29 0.1064 -0.0915152
27 -27 0.0661031 -0.0460928
27 -25 0.127113 -0.119927
27 -23 0.0240275 -0.0917197
27 -21 0.137498 -0.0966076
27 -19 0.313442 -0.242397
27 -17 0.332048 -0.184397
27 -15 0.356291 -0.172606
27 -13 0.372348 -0.160302
27 -11 0.369607 -0.132251
27 -9 0.366562 -0.106697
27 -7 0.357139 -0.0825316
27 -5 0.355736 -0.0578734
27 -3 0.358136 -0.0351962
27 -1 0.363242 -0.0126825
27 1 0.360767 0.0113755
27 3 0.358887 0.0352125
27 5 0.362875 0.0595737
27 7 0.372763 0.0863015
27 9 0.356918 0.104494
27 11 0.375196 0.136836
27 13 0.368855 0.157459
27 15 0.359175 0.17472
27 17 0.325337 0.180916
27 19 0.294351 0.186104
27 21 0.337129 0.180979
27 23 0.147376 0.107325
27 25 0.0347011 0.0724905
27 27 0.142507 0.14119
27 29 0.16354 0.128582
27 31 0.103354 0.0969536
27 33 0.219622 0.272178
27 35 0.0628759 0.146353
27 37 0.185651 0.218668
27 39 0.246007 0.261952
27 41 0.0616927 0.367957
27 43 0.0105472 0.120526
27 45 0.131529 0.135249
27 47 0.0238204 0.0339631
27 49 0.0797953 0.216523
27 51 0.0302117 0.115726
27 53 0.0512468 0.0886748
27 55 -0.0371424 0.126306
27 59 0.341258 0.351033
29 -59 0.0671784 -0.0325471
29 -55 -0.0101295 -0.124365
29 -53 0.138279 -0.0315077
29 -51 0.0176193 -0.13622
29 -49 -0.106856 -0.0471004
29 -47 0.105884 -0.140391
29 -45 0.25016 -0.316872
29 -43 0.127502 -0.421406
29 -41 0.138247 -0.14416
29 -39 0.0845753 -0.14403
29 -37 0.352042 -0.168974
29 -35 0.227042 -0.127401
29 -33 0.0843832 0.105108
29 -31 -0.00717628 -0.146021
29 -29 0.137364 -0.167558
29 -27 0.118777 -0.153
29 -25 0.016958 -0.0791952
29 -23 0.126016 -0.0842423
29 -21 0.262788 -0.192369
29 -19 0.136126 -0.0525429
29 -17 0.255586 -0.128138
29 -15 0.360651 -0.163799
29 -13 0.374728 -0.146073
29 -11 0.376427 -0.124912
29 -9 0.3792 -0.0989544
29 -7 0.385069 -0.0835099
29 -5 0.397077 -0.06233
29 -3 0.403229 -0.0347559
29 -1 0.394534 -0.00938489
29 1 0.390408 0.0128592
29 3 0.394135 0.0363708
29 5 0.390462 0.0588113
29 7 0.38478 0.083087
29 9 0.394659 0.105073
29 11 0.395959 0.127757
29 13 0.344903 0.149761
29 15 0.383549 0.176679
29 17 0.160865 0.096026
29 19 0.153278 0.0782483
29 21 0.126598 0.156399
29 23 0.187625 0.16246
29 25 0.193121 0.0454601
29 27 0.211851 0.232256
29 29 0.259946 0.193333
29 31 0.124222 0.0983742
29 33 0.0993407 0.147078
29 35 0.129438 0.0185999
29 37 0.402993 0.511101
29 39 0.101616 0.18875
29 41 0.18768 0.252018
29 43 0.221953 0.260679
29 45 -0.0658022 0.0502988
29 47 0.0666774 0.173037
29 51 0.213107 0.253636
29 53 0.0406267 0.143914
29 55 -0.106005 -0.194891
29 57 -0.0397645 0.0719297
31 -59 -0.162675 -0.152625
31 -57 0.181172 -0.0784303
31 -55 0.102486 0.0446239
31 -53 0.186241 -0.305311
31 -49 0.0832447 -0.0918863
31 -47 0.0474931 -0.0573764
31 -45 0.0830012 -0.113131
31 -43 0.0840822 -0.26417
31 -41 0.110617 -0.0782405
31 -39 0.113605 -0.12542
31 -37 0.0621337 -0.0530261
31 -35 0.0910665 -0.169425
31 -33 0.134886 -0.10596
31 -31 0.235965 -0.211416
31 -29 0.182366 -0.123939
31 -27 0.169697 -0.189127
31 -25 0.0484229 -0.0797145
31 -23 0.0375916 -0.065527
31 -21 0.22009 -0.125151
31 -19 0.113626 -0.10504
31 -17 0.0895124 -0.167572
31 -15 0.198851 -0.111127
31 -13 0.297439 -0.0647913
31 -11 0.238221 -0.0799912
31 -9 0.338836 -0.091126
31 -7 0.416837 -0.0783454
31 -5 0.366659 -0.0520512
31 -3 0.396579 -0.0412682
31 -1 0.410885 -0.0227625
31 1 0.387119 0.0183618
31 3 0.389286 0.0369193
31 5 0.358055 0.0512354
31 7 0.315793 0.0619739
31 9 0.369597 0.103656
31 11 0.256074 0.0949576
31 13 0.224309 0.070781
31 15 0.157785 0.0940388
31 17 0.129179 0.0236327
31 19 0.108921 0.161226
31 21 0.213869 0.161236
31 23 0.0708387 0.0709242
31 25 0.146864 0.0637218
31 27 0.087543 0.148335
31 29 0.0612274 0.030907
31 31 0.188956 0.245867
31 33 0.15672 0.226365
31 35 0.250379 0.151026
31 37 0.206461 0.156875
31 39 0.0851482 0.0951571
31 41 0.0312601 0.0558186
31 43 0.161519 0.172556
31 45 0.0865903 0.220922
31 47 0.100192 0.187417
31 51 0.116293 0.0542714
31 55 0.10752 0.0508209
31 57 0.15386 0.336755
31 59 -0.152987 -0.00512866
33 -59 0.176509 -0.264379
33 -57 0.363234 -0.542488
33 -55 0.186979 -0.149193
33 -53 0.108417 -0.0639984
33 -51 -0.0538527 0.0348059
33 -49 -0.14219 -0.0656924
33 -47 0.0153893 -0.0917732
33 -45 0.161558 -0.0713724
33 -43 0.179954 -0.11561
33 -41 0.307551 -0.186748
33 -39 -0.206648 -0.0797768
33 -37 0.00251676 -0.0259418
33 -35 0.100131 -0.181886
33 -33 -0.0162039 -0.0762695
33 -31 0.173426 -0.150738
33 -29 -0.00616901 -0.103031
33 -27 0.11619 -0.105545
33 -25 0.268199 -0.169842
33 -23 0.113374 0.0483855
33 -21 0.0973911 -0.0608961
33 -19 0.322082 -0.132105
33 -17 0.117209 -0.0684977
33 -15 0.154271 -0.0626669
33 -13 0.258163 -0.133313
33 -11 0.219673 -0.0481404
33 -9 0.215907 -0.0153329
33 -7 0.211211 -0.0557747
33 -5 0.197649 -0.0315399
33 -3 0.308941 -0.0283331
33 -1 0.277232 -0.0238852
33 1 0.286255 0.0107495
33 3 0.31074 0.0475011
33 5 0.251045 0.00823777
33 7 0.221917 0.0397314
33 9 0.268591 0.043756
33 11 0.159206 0.0625441
33 13 0.105881 0.0740552
33 15 0.126012 0.0864852
33 17 0.337377 0.173818
33 19 0.283347 0.105707
33 21 0.22177 0.113048
33 23 0.19494 0.00266211
33 25 0.213313 0.281543
33 27 0.104427 0.0626757
33 29 0.314445 0.21972
33 31 0.0353825 0.171968
33 33 0.174321 0.130439
33 35 0.0277809 0.156418
33 37 0.0416849 0.162333
33 39 0.112434 0.0535366
33 41 0.0267466 0.371208
33 43 0.149439 0.132014
33 45 0.216748 0.315239
33 47 0.260074 0.181479
33 49 -0.00816733 0.0715742
33 51 0.175236 0.173624
33 53 -0.0724688 0.0193085
33 55 0.128745 0.00923615
33 57 0.0277858 0.0406784
35 -59 0.0178181 -0.0917946
35 -51 0.134548 -0.13441
35 -49 -0.096803 -0.286903
35 -45 0.200729 -0.15144
35 -41 0.0792982 -0.129646
35 -39 0.207772 -0.0128207
35 -35 0.0826117 -0.0226543
35 -33 0.224848 0.0551805
35 -31 0.251109 -0.0911114
35 -29 0.0285495 -0.196246
35 -27 0.123949 0.0325174
35 -25 0.105946 -0.0456788
35 -23 0.0822458 -0.0468193
35 -21 0.131485 -0.104892
35 -19 0.153541 -0.0645658
35 -17 0.0993163 -0.0290646
35 -15 0.200777 -0.0820917
35 -13 0.30275 -0.146377
35 -11 0.189635 -0.0419927
35 -9 0.276846 -0.0635662
35 -7 0.226591 -0.0538239
35 -5 0.134726 -0.0185401
35 -3 0.18596 0.0101877
35 -1 0.16241 0.0138311
35 1 0.204351 -0.0540087
35 3 0.316231 0.00372398
35 5 0.164472 0.0354387
35 7 0.244674 0.0642278
35 9 0.0954897 -0.0315175
35 11 0.146668 -0.0194942
35 13 0.120753 0.0239225
35 15 0.106091 0.0341639
35 17 0.0614779 0.0150754
35 19 0.117957 -0.00991417
35 21 0.203521 0.0637629
35 23 0.123616 0.0423695
35 25 0.172939 -0.0523809
35 27 0.0964322 0.0800933
35 29 0.136424 0.14794
35 31 0.125584 0.0942936
35 33 0.00626275 0.0767194
35 35 0.0977373 0.205004
35 37 0.0526206 0.0377843
35 39 0.0380947 -0.00206679
35 41 0.0687393 0.0342567
35 43 0.0274355 0.193474
35 45 0.00922961 0.123711
35 49 0.680419 0.902064
35 53 0.169559 0.200798
35 57 0.0247545 0.136451
37 -57 0.251248 -0.665758
37 -55 0.325037 -0.0360539
37 -53 0.389984 -0.703192
37 -51 -0.0685526 0.0118664
37 -49 0.0216923 0.00139787
37 -47 0.10547 -0.0856237
37 -43 0.115026 -0.247023
37 -41 -0.00180335 -0.0271291
37 -39 -0.0152385 -0.0113955
37 -37 -0.0229088 -0.0138381
37 -35 0.0655601 0.0597419
37 -33 0.278664 -0.225105
37 -31 0.217793 -0.120845
37 -29 0.270167 -0.112924
37 -27 0.290025 -0.160616
37 -25 0.103636 -0.164711
37 -23 0.155726 -0.0684319
37 -21 0.0524952 -0.021028
37 -19 0.237685 -0.141392
37 -17 0.0992815 -0.0168427
37 -15 0.12001 -0.119542
37 -13 0.0709791 0.0240979
37 -11 0.191636 -0.0340707
37 -9 0.156913 -0.0289015
37 -7 0.0978528 0.0300768
37 -5 0.112189 0.0277916
37 -3 0.159793 -0.0291634
37 -1 0.169823 0.0394208
37 1 0.223522 -0.0332141
37 3 0.174995 -0.022139
37 5 0.186987 -0.0102269
37 7 0.101892 0.0369673
37 9 0.128698 -0.0465277
37 11 0.332334 0.0830344
37 13 0.0793982 0.0703813
37 15 0.0531399 0.0284064
37 17 0.395042 0.167364
37 19 0.162232 0.0959274
37 21 0.111112 -0.0229218
37 23 0.128463 0.0216927
37 25 0.234078 0.0498066
37 27 0.120823 0.0744288
37 29 0.127805 0.136774
37 31 0.352645 0.170605
37 33 0.173028 0.106574
37 35 -0.00824633 0.138308
37 37 0.0724275 -0.00531035
37 41 -0.000836961 0.0173067
37 43 -0.00370539 0.017107
37 45 0.11012 0.0153199
37 47 0.234663 0.205393
37 49 0.2849 0.128394
37 51 0.068571 0.0493983
37 55 0.126133 0.0576212
37 57 0.0702497 0.066077
37 59 0.150859 0.104271
39 -59 0.174625 -0.351902
39 -57 0.116265 -0.0856755
39 -55 -0.0908975 -0.0398215
39 -53 0.272022 -0.146029
39 -49 0.504394 -0.506662
39 -47 -0.0413693 0.0944034
39 -45 0.00041958 -0.0820311
39 -41 0.240853 -0.0826028
39 -39 0.285264 -0.326738
39 -37 0.0927379 -0.0681451
39 -35 -0.0535947 -0.0805371
39 -33 0.353826 -0.248476
39 -31 0.303075 -0.249053
39 -29 0.122328 -0.0757037
39 -27 -0.12705 -0.16239
39 -25 0.148208 -0.132863
39 -23 0.61105 -0.0987649
39 -21 0.252627 -0.0531439
39 -19 0.124166 0.0181969
39 -17 0.122281 -0.0746438
39 -15 0.0158313 -0.0378302
39 -13 0.0711367 -0.0595338
39 -11 0.107822 -0.0614572
39 -9 0.0450301 -0.0193647
39 -7 0.176372 0.0225621
39 -5 0.24474 -0.0358108
39 -3 0.100711 0.0405021
39 -1 0.212003 0.0171153
39 1 0.164246 0.0360888
39 3 0.305346 -0.0344588
39 5 0.209674 0.0492259
39 7 0.0212919 0.155748
39 9 0.0575952 0.0781008
39 11 0.0633722 0.0439293
39 13 0.407189 0.115978
39 15 0.206886 0.170822
39 17 0.148674 0.0382288
39 19 0.0852082 -0.00178239
39 21 0.0833436 0.0306106
39 23 0.269171 0.151146
39 25 0.081454 0.00301991
39 27 0.114828 0.0762588
39 31 0.177024 0.00715317
39 33 0.128733 0.154402
39 35 0.19031 0.167278
39 37 0.216406 0.161876
39 39 0.233157 0.147068
39 41 0.0743421 0.0234513
39 43 0.136716 0.117322
39 45 0.0855664 0.243706
39 47 0.231057 0.314719
39 49 0.254397 0.204866
39 51 0.119354 0.0736642
39 57 0.0147104 0.177895
39 59 0.102013 0.161144
41 -57 -0.0156158 -0.0969637
41 -55 0.00950042 -0.379804
41 -53 0.038137 -0.17295
41 -51 0.295298 -0.358994
41 -49 0.234564 -0.182069
41 -45 0.0192919 0.00793266
41 -41 -0.0813478 -0.00722855
41 -39 0.0212401 -0.00946367
41 -37 0.178099 -0.239668
41 -35 0.142089 -0.210134
41 -33 0.0984455 -0.0581861
41 -31 0.272792 -0.207783
41 -29 0.145246 -0.0430531
41 -27 0.0380087 -0.100649
41 -25 0.110476 0.0126677
41 -23 0.136027 -0.119744
41 -21 0.233845 -0.157598
41 -19 0.13789 -0.0213786
41 -17 0.173192 -0.0977188
41 -15 0.144869 0.0161711
41 -13 0.140817 0.0252583
41 -11 0.1495 -0.00847403
41 -9 0.0530395 0.0184778
41 -7 0.0977111 -0.0454865
41 -5 0.331783 -0.0452695
41 -3 0.215143 0.0260909
41 -1 0.237287 0.0232606
41 1 0.166262 -0.0173717
41 3 0.217662 -0.0242088
41 5 0.219674 0.00375917
41 7 0.332673 0.0149187
41 9 0.259314 -0.0133665
41 11 0.141232 0.0313979
41 15 0.0645367 -0.0232921
41 17 0.104653 0.0463798
41 19 0.10806 0.141611
41 21 0.137531 0.0747728
41 23 0.0712228 0.112507
41 25 0.150074 0.0871135
41 27 0.319 0.117118
41 29 0.172762 0.144397
41 31 0.146748 0.139776
41 33 0.175891 0.0586325
41 35 -0.0302546 0.351646
41 37 0.263974 0.197767
41 39 0.294265 0.143502
41 41 0.172562 0.282684
41 43 0.139063 0.0946041
41 45 0.100208 0.0871931
41 47 0.227721 0.1049
41 49 0.168128 0.208207
41 51 -0.0514429 -0.00466402
41 53 0.324063 0.415527
41 55 0.11206 0.14772
41 57 0.0876147 0.229831
43 -59 0.150073 -0.198586
43 -55 0.231604 -0.381425
43 -53 0.161794 -0.08395
43 -51 0.0458449 -0.163621
43 -47 0.0686109 -0.131461
43 -45 0.119895 -0.0109649
43 -41 0.159763 0.0353937
43 -39 0.115445 -0.0625537
43 -37 0.186905 0.0838957
43 -35 0.036908 0.0205226
43 -33 0.0977774 -0.0955747
43 -31 0.19345 0.00802794
43 -29 0.272579 -0.144767
43 -27 0.07886 0.0754329
43 -25 0.127342 0.018537
43 -23 0.263863 0.0453253
43 -21 0.015584 -0.00603048
43 -19 -0.077934 0.0834692
43 -15 0.263139 -0.0734472
43 -13 0.0491495 -0.0973724
43 -11 0.137306 -0.0283049
43 -9 0.211492 0.0353142
43 -7 0.109712 0.0541177
43 -5 0.0491661 0.0159866
43 -3 0.35 -0.0866049
43 -1 0.0764555 -0.075048
43 1 0.16501 -0.0464897
43 3 0.112283 0.0540888
43 5 0.0506529 -0.015315
43 7 0.0518561 0.113145
43 9 0.167338 0.0208873
43 11 0.12029 -0.0610278
43 13 0.145132 -0.0547628
43 15 0.232233 0.0504427
43 17 0.155426 0.0434169
43 19 0.0708109 0.0184862
43 21 0.119778 -0.0525998
43 23 0.0967874 0.0926373
43 25 0.0331302 0.0698859
43 27 0.103248 0.0746041
43 29 0.482624 0.304589
43 31 0.0846044 -0.0402362
43 33 0.246657 0.0222306
43 35 -0.024203 -0.054479
43 37 0.198012 0.22395
43 39 0.0889633 0.0779562
43 41 -0.0904823 0.0549822
43 43 -0.0408842 0.104505
43 45 0.197672 0.26469
43 47 0.0563737 0.0130496
43 49 0.0128404 0.124928
43 51 0.0408452 0.0389039
43 53 -0.13083 0.169835
43 55 0.123209 0.114194
43 59 0.0875156 0.0246325
45 -59 0.178979 -0.151456
45 -55 -0.0114264 0.172658
45 -53 0.0510082 -0.0816838
45 -51 0.192351 -0.301371
45 -49 0.0980255 -0.093452
45 -45 0.41008 -0.476226
45 -41 0.0139825 -0.0771588
45 -37 0.2659 -0.174026
45 -35 0.198302 -0.0880405
45 -33 0.176111 -0.0475018
45 -31 0.194991 -0.193929
45 -29 -0.0577802 0.0277387
45 -27 -0.0569525 0.153813
45 -25 0.0425706 -0.0504979
45 -23 0.119244 -0.0361522
45 -21 0.043735 -0.0290643
45 -19 0.133783 0.0332733
45 -17 0.228556 0.0807487
45 -15 0.490036 -0.10934
45 -13 0.0176058 -0.0332578
45 -11 0.0899831 -0.0973048
45 -9 0.241968 -0.0641437
45 -7 0.150648 -0.0565503
45 -5 0.311903 -0.0687387
45 -3 0.305425 0.121634
45 -1 0.102043 0.0449096
45 1 0.199161 -0.0164364
45 3 0.310963 0.0102207
45 5 0.161833 0.0526519
45 7 0.0103557 -0.029645
45 9 0.0368131 0.0266287
45 11 0.119399 0.0270439
45 13 0.106113 0.08685
45 15 -0.0382695 -0.0678371
45 17 0.29533 0.143289
45 19 0.00897684 0.162162
45 21 0.17979 0.0688869
45 27 -0.0519515 0.0744372
45 29 0.187409 0.0908951
45 33 0.141941 0.0474054
45 35 0.0491736 0.0344757
45 41 0.109882 -0.0270725
45 47 0.17647 0.0995522
45 55 0.0722372 -0.0353339
45 59 0.0186811 -0.00155326
47 -57 0.158623 -0.37062
47 -55 0.0331198 -0.0360972
47 -53 0.410276 -0.479206
47 -49 0.80136 -0.798329
47 -47 0.0679962 0.0530777
47 -45 0.00289603 -0.121226
47 -43 0.0140215 -0.157221
47 -41 0.031854 -0.0683787
47 -35 0.262575 -0.105249
47 -33 0.0396912 0.00700972
47 -31 0.334277 -0.137956
47 -29 0.159966 -0.306058
47 -21 0.208198 -0.0810488
47 -17 0.091676 -0.223536
47 -13 0.235466 0.042676
47 -11 0.185113 -0.0226455
47 -9 0.176498 0.0629847
47 -5 0.127428 -0.054687
47 -1 -0.0107368 0.0381741
47 1 0.100783 -0.0399123
47 3 0.146815 0.156859
47 7 0.888479 0.104563
47 11 0.0212843 -0.0517349
47 15 0.218632 0.0523998
47 17 0.0106761 0.0635751
47 19 0.193758 0.0728803
47 23 -0.000859154 -0.0712526
47 25 -0.000276027 0.0104122
47 27 0.301262 -0.0828008
47 29 0.0334024 0.0780805
47 35 0.565181 0.241765
47 39 0.153134 0.0420702
47 41 0.0219688 -0.0124353
47 45 0.0418505 0.145481
47 47 0.0139982 0.0191955
47 53 0.269695 0.561054
47 55 0.0283474 0.0494377
49 -59 -0.0244116 0.0316813
49 -55 -0.000605163 -0.116602
49 -53 -0.0702299 0.0523721
49 -49 0.305558 -0.35892
49 -47 0.137425 -0.0312314
49 -45 0.0514422 0.00116201
49 -43 -0.0522393 -0.170641
49 -37 0.0997554 -0.170847
49 -35 0.264252 -0.205618
49 -33 0.150777 -0.040541
49 -31 0.211001 -0.11022
49 -29 0.277709 -0.238236
49 -27 0.118945 -0.24524
49 -25 0.0514295 -0.185226
49 -23 0.144012 -0.24238
49 -21 0.0696146 -0.0921933
49 -19 0.101379 -0.0850771
49 -17 0.296491 -0.217606
49 -15 -0.0295343 -0.153444
49 -13 -0.0424764 -0.0625761
49 -11 0.0965589 0.02704
49 -9 0.772497 0.0150151
49 -7 0.0592311 0.0266575
49 -5 0.34638 0.0489913
49 -1 0.253766 -0.0392279
49 1 0.274209 0.075904
49 3 0.189638 0.0265151
49 5 0.223864 -0.00616616
49 7 0.233107 0.0358477
49 9 0.204889 0.0294318
49 11 0.0441782 -0.110606
49 13 0.00210024 0.0571339
49 15 0.123797 -0.0350713
49 17 0.167187 0.0266096
49 19 0.120551 0.0718978
49 21 0.25729 0.106886
49 23 0.0924076 0.150025
49 25 0.164033 0.20988
49 27 0.00801915 0.0686484
49 31 0.0561467 0.0570569
49 33 0.388149 0.256557
49 37 0.119002 0.141482
49 41 0.582921 0.359489
49 47 0.804973 0.359435
49 55 0.0749984 0.227439
49 57 0.315086 0.398102
49 59 0.120545 0.0327339
51 -59 0.0170952 -0.115303
51 -51 0.131383 -0.29776
51 -49 0.140401 -0.0153989
51 -45 0.06225 -0.113731
51 -43 0.0684338 0.0738389
51 -41 -0.0202326 -0.0182106
51 -39 0.0709627 0.058697
51 -37 0.0787422 -0.149794
51 -35 0.0923939 0.0312319
51 -33 0.217231 0.176522
51 -31 0.0531961 0.0613192
51 -27 0.129567 -0.152116
51 -25 0.515848 -0.194146
51 -23 0.060946 -0.0624783
51 -21 0.227165 -0.118199
51 -19 0.127838 -0.0808842
51 -17 0.110945 -0.0657801
51 -15 0.158974 0.0864745
51 -13 0.310564 -0.107518
51 -11 0.417095 0.0548332
51 -9 0.179383 -0.0869589
51 -7 0.179776 -0.0932827
51 -5 0.121743 0.0597224
51 -3 0.060499 -0.0134542
51 -1 0.0982959 -0.118068
51 1 0.27652 -0.0364701
51 5 0.189781 0.0209106
51 7 0.0955263 0.0706734
51 9 0.102907 -0.0615401
51 11 0.0285306 -0.000576451
51 13 0.155815 -0.00563026
51 15 0.215057 -0.0319733
51 17 0.221968 0.0638097
51 19 0.0442713 0.10657
51 21 0.179586 0.0982379
51 25 0.100196 0.0791256
51 27 0.149611 0.00058739
51 29 -0.040296 -0.0494098
51 31 0.133303 0.165351
51 35 0.0221848 0.0872581
51 37 0.565755 0.307614
51 39 0.0135812 0.103893
51 43 0.0193309 0.0973173
51 45 0.376023 0.122693
51 47 0.0907821 0.149344
51 49 0.15059 0.054355
51 53 0.0522526 0.0655877
51 57 0.0173989 0.0472633
53 -55 0.120133 0.0968344
53 -53 -0.0164743 -0.0154393
53 -51 0.10005 -0.273889
53 -47 0.167398 -0.0831176
53 -45 0.82006 -0.466785
53 -41 0.0535762 -0.0830223
53 -35 0.24621 0.0906789
53 -29 0.119023 0.0261173
53 -27 0.0808278 0.100695
53 -25 0.160604 -0.0444509
53 -21 0.1615 -0.0149668
53 -19 0.130089 -0.0849574
53 -17 0.109055 -0.0699061
53 -13 0.255749 -0.0386863
53 -11 0.360321 0.0365283
53 -9 0.207738 0.159266
53 -7 0.0902414 -0.0017298
53 -5 -0.0191183 -0.00185384
53 -3 0.0677961 -0.0641149
53 -1 0.1433 -0.0051332
53 1 0.175659 0.0662265
53 3 0.0211009 -0.0838847
53 5 0.195914 -0.204269
53 7 0.113491 -0.0103069
53 9 0.123582 0.0566383
53 11 0.0295448 0.0296262
53 13 0.130893 -0.00328027
53 15 0.251965 -0.0465539
53 17 0.359942 0.111219
53 19 0.25323 0.0519012
53 21 0.125288 -0.0374657
53 23 0.217789 0.163531
53 25 0.290296 0.156537
53 27 0.236844 0.182318
53 29 0.227878 -0.075545
53 31 0.104362 0.0633757
53 33 0.262736 0.269823
53 35 0.0397315 -0.0777027
53 43 0.122158 0.0504453
53 45 0.364748 0.398613
53 47 0.134677 0.0596282
53 51 0.327354 0.216217
53 53 0.357038 0.0946468
53 59 0.18588 0.191798
55 -59 0.249397 -0.361816
55 -53 0.327903 -0.152897
55 -49 0.0448176 -0.0231183
55 -45 -0.0436486 -0.106094
55 -43 -0.0315675 -0.109519
55 -41 0.162653 -0.209754
55 -37 0.250067 -0.112713
55 -35 0.115988 -0.0398596
55 -33 0.346624 -0.0700198
55 -29 0.208604 -0.0941941
55 -27 0.0369728 -0.0197888
55 -25 0.0380381 0.0622364
55 -23 0.398735 -0.280021
55 -19 0.237519 0.0939354
55 -17 -0.0758232 -0.0609131
55 -15 -0.0332826 0.316492
55 -11 0.0801614 -0.045314
55 -9 0.0715299 0.00799521
55 -7 0.0680789 0.0150694
55 -5 0.182676 -0.0470535
55 -3 0.249505 -0.076007
55 1 0.0126868 0.0367619
55 11 0.176426 -0.0798595
55 13 0.149903 0.0468522
55 15 0.311608 0.110749
55 19 0.227274 -0.00248534
55 21 0.166812 0.145728
55 23 0.169324 0.0638751
55 27 0.0406868 0.328369
55 31 0.352447 0.363386
55 33 0.387032 0.104984
55 35 -0.114416 0.0598726
55 39 0.144756 0.27857
55 43 0.070394 0.0336369
55 45 0.511536 0.32952
55 47 0.592817 0.576653
55 51 0.00346767 0.171835
55 59 0.290491 -0.0183066
57 -57 0.324778 -0.202291
57 -53 0.0441769 -0.180347
57 -49 0.243117 -0.105115
57 -47 0.276314 -0.271038
57 -43 0.0905127 -0.173955
57 -41 0.252284 -0.144145
57 -33 0.216092 -0.082823
57 -29 0.759616 -0.376966
57 -25 0.0927035 -0.0778899
57 -23 -0.0298607 -0.0399203
57 -21 0.158698 -0.00977761
57 -19 0.137584 -0.111432
57 -17 0.376921 -0.120386
57 -9 0.0922422 -0.259263
57 -7 0.0885269 -0.112704
57 -5 0.10488 0.0391139
57 -3 0.217428 0.233418
57 -1 0.0264158 -0.00146987
57 1 0.226926 0.147465
57 3 0.37287 0.198328
57 5 -0.0226897 -0.0668932
57 7 0.0799182 -0.089383
57 9 0.281734 0.0440154
57 11 -0.00443012 -0.0398863
57 13 0.0235194 -0.0951526
57 15 -0.0156628 -0.0440265
57 19 0.210681 -0.106815
57 21 0.134057 -0.0931633
57 23 -0.000136349 0.164716
57 25 0.0497526 0.177772
57 27 0.103501 0.0457813
57 29 0.155633 0.236197
57 31 0.238087 0.0866981
57 33 0.0928682 0.188837
57 35 0.0190291 0.0932967
57 37 0.145233 -0.0400638
57 39 -0.0610548 -0.143899
57 41 -0.0135216 0.201723
57 43 0.129952 0.215937
57 47 0.23485 0.164114
57 49 0.0552443 0.0828203
57 59 -0.0211452 0.215943
59 -53 0.0963741 -0.179731
59 -47 2.35575e-05 0.0192641
59 -45 0.0657779 -0.13531
59 -41 0.292459 -0.224119
59 -39 0.125085 0.0984775
59 -29 0.0159734 -0.0333161
59 -27 0.220697 -0.107604
59 -25 0.259591 -0.0330139
59 -23 -0.0468844 0.0254796
59 -21 0.262589 -0.182392
59 -19 0.240614 -0.081165
59 -17 0.21237 -0.0488048
59 -15 0.153708 -0.198143
59 -13 0.294987 0.0638544
59 -11 0.0178856 -0.10235
59 -9 0.169704 0.0323559
59 -7 0.134837 -0.223602
59 -1 0.307955 -0.0719975
59 1 0.0362972 0.00585703
59 7 0.0593003 0.0868514
59 9 0.167083 -0.0366131
59 15 0.171056 -0.146846
59 17 0.233637 -0.11599
59 19 0.248854 0.241146
59 21 0.0898205 -0.0649515
59 23 0.0475554 0.0839352
59 25 0.277558 0.103549
59 29 0.0932219 -0.17106
59 31 0.203454 -0.116231
59 37 0.0219921 0.0636251
59 41 0.20491 0.130838
59 49 0.028821 -0.175494
59 59 0.0236784 0.104154
