-59 -59 0.0106307 -0.218361
-59 -57 0 0
-59 -55 -0.0441292 -0.0221835
-59 -53 0 0
-59 -51 0 0
-59 -49 0.0456721 -0.00391906
-59 -47 -0.0382622 -0.216728
-59 -45 -0.12504 -0.156622
-59 -43 0 0
-59 -41 -0.230328 -0.0812745
-59 -39 -0.144052 -0.229018
-59 -37 -0.247652 -0.294244
-59 -35 -0.0505798 -0.0584041
-59 -33 -0.73917 -0.251813
-59 -31 -0.29236 -0.150685
-59 -29 -1.10412 -0.637535
-59 -27 -0.235285 -0.0779776
-59 -25 0 0
-59 -23 -0.410076 -0.120324
-59 -21 -0.0582873 -0.0263955
-59 -19 -0.343691 -0.151184
-59 -17 -0.428344 -0.164297
-59 -15 -0.147086 -0.0124739
-59 -13 -0.434224 -0.11067
-59 -11 -0.144512 -0.0255213
-59 -9 0 0
-59 -7 -0.239263 -0.214124
-59 -5 -0.407153 0.0358608
-59 -3 -0.286599 -0.0714487
-59 -1 -0.429402 0.0202974
-59 1 -0.216306 0.0344774
-59 3 -0.257027 0.0300203
-59 5 -0.181737 0.0546036
-59 7 -0.395791 0.0172627
-59 9 -0.539419 -0.0240608
-59 11 -0.0812719 0.052233
-59 13 -0.167365 -0.0350229
-59 15 0 0
-59 17 -0.669964 0.107852
-59 19 -0.316125 0.195571
-59 21 -0.2148 0.00658018
-59 23 0 0
-59 25 -0.651602 0.257261
-59 27 -0.223991 0.114426
-59 29 0 0
-59 31 -0.359826 0.17648
-59 33 -0.126583 0.0375019
-59 35 -0.352994 0.292636
-59 37 -0.0918398 0.151741
-59 39 -0.219097 0.0400518
-59 41 -0.032146 0.149951
-59 43 -0.186047 0.14428
-59 45 -0.176521 0.118524
-59 47 -0.625213 0.466511
-59 49 -0.187405 -0.122514
-59 51 -0.147907 0.162749
-59 53 -0.0401038 -0.0515143
-59 55 -0.271267 0.277655
-59 57 0 0
-59 59 0 0
-57 -59 0 0
-57 -57 -0.0679161 -0.150672
-57 -55 0 0
-57 -53 0.0347974 -0.103161
-57 -51 0 0
-57 -49 -0.206483 -0.204006
-57 -47 -0.222533 -0.199082
-57 -45 -0.279768 -0.154915
-57 -43 0 0
-57 -41 -0.203569 -0.133126
-57 -39 0 0
-57 -37 0 0
-57 -35 -0.381632 -0.237793
-57 -33 0 0
-57 -31 -0.190639 -0.0464689
-57 -29 -0.245401 0.0126278
-57 -27 -0.0750952 -0.0244304
-57 -25 -0.515395 -0.253351
-57 -23 -0.555095 -0.276885
-57 -21 -0.0962186 -0.175027
-57 -19 0 0
-57 -17 -0.176829 -0.0710314
-57 -15 -0.16688 -0.132667
-57 -13 -0.62682 -0.240707
-57 -11 -0.186641 0.0532035
-57 -9 -0.37703 -0.0418625
-57 -7 -0.154549 -0.0682303
-57 -5 -0.156866 0.0420348
-57 -3 -0.418918 0.0605984
-57 -1 -0.171836 0.0274948
-57 1 -0.180871 0.00103947
-57 3 -0.188152 -0.167173
-57 5 -0.271319 0.0566038
-57 7 -0.321527 0.048307
-57 9 -0.199051 0.054845
-57 11 -0.153742 0.0732594
-57 13 -0.287983 0.0368993
-57 15 -0.210112 -0.0328885
-57 17 -0.162897 0.022141
-57 19 -0.377813 0.146633
-57 21 -0.207773 0.00817056
-57 23 -0.192681 0.0290642
-57 25 -0.162699 0.136258
-57 27 -0.341056 0.263185
-57 29 -0.150634 0.126466
-57 31 -0.260873 0.231755
-57 33 -0.320358 0.176614
-57 35 -0.43356 0.108309
-57 37 -0.0714554 -0.00972335
-57 39 0 0
-57 41 0 0
-57 43 -0.0824739 0.310149
-57 45 -0.0615813 0.135586
-57 47 -0.229528 0.171393
-57 49 -0.206178 0.0573788
-57 51 0 0
-57 53 0.0768509 0.171871
-57 55 0 0
-57 57 -0.267412 0.106114
-57 59 -0.00327813 -0.0690036
-55 -59 -0.208044 -0.184219
-55 -57 -0.358365 -0.394102
-55 -55 -0.145504 -0.411057
-55 -53 0 0
-55 -51 -0.052617 -0.123565
-55 -49 0 0
-55 -47 -0.0813617 -0.04032
-55 -45 -0.0219587 -0.104147
-55 -43 0 0
-55 -41 -0.180662 -0.239852
-55 -39 -0.174827 -0.315879
-55 -37 -0.0183508 -0.194405
-55 -35 -0.588567 -0.39937
-55 -33 -0.292917 -0.145177
-55 -31 -0.189024 -0.0691026
-55 -29 -0.241036 -0.260181
-55 -27 -0.177719 -0.15929
-55 -25 0 0
-55 -23 -0.222187 -0.0318226
-55 -21 -0.157729 -0.285181
-55 -19 -0.304654 -0.0927564
-55 -17 -0.116391 -0.0189494
-55 -15 -0.425351 -0.141261
-55 -13 -0.310525 -0.0359505
-55 -11 -0.236302 -0.049151
-55 -9 -0.337102 -0.127338
-55 -7 -0.138277 -0.0133105
-55 -5 -0.099893 -0.0201136
-55 -3 -0.282909 -0.000780574
-55 -1 -0.46412 0.0582687
-55 1 0 0
-55 3 -0.258835 -0.272859
-55 5 -0.370038 0.0310846
-55 7 -0.179981 0.001189
-55 9 -0.514958 0.0939794
-55 11 -0.286518 0.106529
-55 13 0 0
-55 15 -0.269278 0.0735295
-55 17 -0.38298 0.0914555
-55 19 -0.145531 0.170986
-55 21 -0.13366 0.127404
-55 23 -0.170321 0.0360815
-55 25 0.127911 0.0901694
-55 27 -0.155811 0.299583
-55 29 -0.204341 0.022013
-55 31 -0.350266 0.229766
-55 33 -0.34683 0.120595
-55 35 -0.487495 0.337531
-55 37 0 0
-55 39 -0.0650665 -0.126976
-55 41 -0.105572 0.0370679
-55 43 -0.0600734 0.312858
-55 45 0 0
-55 47 -0.21285 -0.0342231
-55 49 -0.202788 0.156383
-55 51 0 0
-55 53 -0.128973 0.152811
-55 55 0 0
-55 57 0 0
-55 59 -0.137968 0.198107
-53 -59 0 0
-53 -57 -0.409233 -0.545348
-53 -55 0 0
-53 -53 0 0
-53 -51 -0.162233 -0.175128
-53 -49 -0.0917425 -0.0282925
-53 -47 0 0
-53 -45 0 0
-53 -43 -0.129985 -0.0336367
-53 -41 0.0485653 -0.128893
-53 -39 -0.0532882 -0.0330088
-53 -37 -0.129366 -0.191822
-53 -35 -0.152071 -0.0939934
-53 -33 -0.339573 -0.149198
-53 -31 -0.0581213 -0.204041
-53 -29 -0.29101 -0.174808
-53 -27 -0.544896 -0.326156
-53 -25 -0.407271 -0.211153
-53 -23 -0.450948 -0.212206
-53 -21 -0.211158 -0.0323205
-53 -19 -0.241736 -0.0841606
-53 -17 -0.257179 -0.0554394
-53 -15 -0.161256 -0.0162508
-53 -13 -0.359942 -0.0948681
-53 -11 -0.296204 -0.120413
-53 -9 0 0
-53 -7 -0.180514 -0.0286392
-53 -5 -0.386989 -0.102584
-53 -3 -0.198166 0.0470676
-53 -1 -0.451234 0.0361414
-53 1 -0.246746 -0.0237377
-53 3 -0.270297 -0.0576148
-53 5 -0.432415 0.101711
-53 7 -0.16702 0.119745
-53 9 -0.427417 0.0553065
-53 11 0 0
-53 13 -0.1551 0.0623789
-53 15 -0.61891 0.169088
-53 17 -0.419418 0.1083
-53 19 -0.00981993 -0.023743
-53 21 -0.225223 0.0973218
-53 23 -0.0674322 0.0651114
-53 25 0 0
-53 27 0 0
-53 29 -0.164148 -0.0451783
-53 31 0 0
-53 33 -0.270941 0.157849
-53 35 -0.466228 0.277187
-53 37 -0.191496 -0.0864825
-53 39 -0.197203 0.1347
-53 41 0 0
-53 43 -0.930801 0.617864
-53 45 -0.0867995 0.146269
-53 47 0 0
-53 49 -0.492696 0.517053
-53 51 0 0
-53 53 -0.243537 0.319217
-53 55 0 0
-53 57 -0.0553432 0.129977
-53 59 0 0
-51 -59 0.0180316 -0.121577
-51 -57 0 0
-51 -55 -0.182811 -0.206702
-51 -53 -0.0693198 -0.267794
-51 -51 0 0
-51 -49 -0.908354 -0.750015
-51 -47 -0.232055 -0.153781
-51 -45 -0.135293 -0.154972
-51 -43 -0.305394 -0.108605
-51 -41 -0.194702 -0.133782
-51 -39 -0.0906582 -0.13234
-51 -37 -0.257531 -0.248323
-51 -35 0.0533857 -0.0313037
-51 -33 -0.679472 -0.413611
-51 -31 -0.188284 -0.125751
-51 -29 -0.084675 -0.108093
-51 -27 -0.197656 -0.200406
-51 -25 -0.115121 -0.144195
-51 -23 -0.211045 -0.206737
-51 -21 -0.317516 -0.221682
-51 -19 -0.33862 -0.0716963
-51 -17 -0.305753 -0.134336
-51 -15 -0.928245 -0.147281
-51 -13 -0.730235 -0.103435
-51 -11 -0.102377 -0.0557805
-51 -9 -0.16687 -0.0303519
-51 -7 -0.184415 -0.00110227
-51 -5 -0.274354 -0.087483
-51 -3 -0.169922 0.0221823
-51 -1 -0.221036 0.0269004
-51 1 -0.203569 -0.00413543
-51 3 -0.255093 0.0497069
-51 5 -0.184037 0.132884
-51 7 -0.224985 0.0428703
-51 9 -0.219627 0.0681305
-51 11 -0.218123 0.0290493
-51 13 -0.30119 0.0288173
-51 15 -0.00597923 -0.0401189
-51 17 -0.3145 0.0376565
-51 19 -0.579976 0.143358
-51 21 -0.204976 0.0291298
-51 23 -0.258986 0.145805
-51 25 -0.405127 0.140876
-51 27 -0.304288 0.192378
-51 29 -0.200729 0.0545261
-51 31 -0.0985926 0.162098
-51 33 -0.562669 0.234703
-51 35 -0.206743 0.225789
-51 37 -0.0493797 0.059078
-51 39 -0.243655 0.215762
-51 41 -0.407238 0.264016
-51 43 -0.0659533 0.0770832
-51 45 -0.150224 0.317517
-51 47 -0.165512 0.198789
-51 49 -0.086225 0.0874395
-51 51 -0.185809 0.217869
-51 53 -0.177979 0.127552
-51 55 -0.0780999 0.11132
-51 57 0 0
-51 59 -0.116117 0.116535
-49 -59 -0.0737076 -0.124898
-49 -57 -0.532004 -0.277577
-49 -55 -0.312574 -0.349744
-49 -53 -0.35697 -0.112792
-49 -51 -0.0352762 -0.0608589
-49 -49 -0.386734 -0.310212
-49 -47 -0.206867 -0.129142
-49 -45 -0.41901 -0.547194
-49 -43 -0.181296 -0.0903861
-49 -41 -0.145563 -0.0321127
-49 -39 -0.000562067 0.0102485
-49 -37 -0.0482601 -0.178156
-49 -35 -0.17955 -0.0727714
-49 -33 -0.140792 -0.186195
-49 -31 -0.19038 -0.0873879
-49 -29 -0.272306 -0.195547
-49 -27 -0.139878 -0.0868636
-49 -25 -0.0662389 -0.0843709
-49 -23 -0.385767 -0.259441
-49 -21 -0.397712 -0.164102
-49 -19 -0.196924 -0.137355
-49 -17 -0.297017 -0.108615
-49 -15 -0.403432 -0.149979
-49 -13 -0.137639 -0.116683
-49 -11 -0.323401 0.0500845
-49 -9 -0.510724 -0.101901
-49 -7 -0.311207 -0.0453963
-49 -5 -0.18986 -0.120307
-49 -3 -0.236811 -0.0300159
-49 -1 -0.272932 -0.00715732
-49 1 -0.149155 0.0813118
-49 3 -0.281942 0.0306275
-49 5 -0.282818 -0.0126571
-49 7 -0.334271 0.0154921
-49 9 -0.391336 0.0619634
-49 11 -0.20892 -0.0189183
-49 13 -0.269927 0.0576492
-49 15 -0.300144 -0.0264975
-49 17 -0.208224 0.0512901
-49 19 -0.412104 0.162783
-49 21 -0.217581 0.0635843
-49 23 0 0
-49 25 -0.237674 0.107798
-49 27 -0.240805 0.13486
-49 29 -0.393416 0.250107
-49 31 -0.300977 0.121581
-49 33 -0.325544 0.145198
-49 35 0 0
-49 37 -0.0950076 0.137537
-49 39 -0.16218 0.167236
-49 41 -0.130946 0.12053
-49 43 -0.269634 0.348961
-49 45 -0.274586 0.298051
-49 47 0 0
-49 49 -0.309673 0.339672
-49 51 -0.0243165 0.112728
-49 53 -0.503748 0.610201
-49 55 0 0
-49 57 -0.0688218 0.0351513
-49 59 0 0
-47 -59 -0.0127405 0.0513109
-47 -57 0 0
-47 -55 0 0
-47 -53 -0.0575856 -0.0337547
-47 -51 -0.158617 -0.150586
-47 -49 0.00747485 -0.00672349
-47 -47 -0.242522 -0.0872266
-47 -45 -0.052438 -0.0870905
-47 -43 -0.113046 0.00103462
-47 -41 -0.266971 -0.246256
-47 -39 -0.0962479 -0.159394
-47 -37 0 0
-47 -35 -0.123929 -0.0795595
-47 -33 -0.154795 -0.0965841
-47 -31 -0.0634409 -0.0822915
-47 -29 -0.516548 -0.338143
-47 -27 -0.196247 -0.0751329
-47 -25 -0.527803 -0.261356
-47 -23 -0.164475 -0.0880029
-47 -21 -0.313561 -0.0664107
-47 -19 -0.291607 -0.147832
-47 -17 -0.184237 -0.0411738
-47 -15 -0.150986 -0.00172469
-47 -13 -0.268662 -0.0400454
-47 -11 -0.36853 -0.0847963
-47 -9 -0.440587 -0.0865961
-47 -7 -0.296855 -0.0697407
-47 -5 -0.372056 -0.106125
-47 -3 -0.408261 -0.0289525
-47 -1 -0.461572 0.0398536
-47 1 -0.224685 -0.0252054
-47 3 -0.187021 0.00112006
-47 5 -0.0537678 -0.0288782
-47 7 -0.25333 -0.00999181
-47 9 -0.256464 0.0888315
-47 11 -0.243206 0.0716946
-47 13 -0.414938 0.12876
-47 15 -0.239068 0.095392
-47 17 -0.168694 0.0275716
-47 19 -0.358343 0.0953893
-47 21 -0.225673 0.110191
-47 23 -0.258022 0.0666092
-47 25 -0.216539 0.0770731
-47 27 -0.0553631 0.308955
-47 29 -0.182977 0.139482
-47 31 -0.133968 0.0911881
-47 33 -0.179578 0.163195
-47 35 -0.17453 0.204894
-47 37 -0.333284 0.174506
-47 39 -0.168574 0.152997
-47 41 -0.287468 0.331914
-47 43 -0.48662 0.510891
-47 45 0.0790242 0.0276616
-47 47 0 0
-47 49 -0.0144117 0.0970408
-47 51 -0.441014 0.483078
-47 53 -0.131975 0.165317
-47 55 0 0
-47 57 0 0
-47 59 -0.799456 0.988221
-45 -59 0 0
-45 -57 0 0
-45 -55 0 0
-45 -53 -0.154018 -0.156987
-45 -51 0 0
-45 -49 -0.23193 -0.236467
-45 -47 -0.117987 -0.0816995
-45 -45 -0.136232 -0.236128
-45 -43 -0.205252 -0.090278
-45 -41 -0.230023 -0.259081
-45 -39 -0.269955 -0.250228
-45 -37 -0.298867 -0.256415
-45 -35 -0.565799 -0.382421
-45 -33 -0.18275 -0.155536
-45 -31 -0.465004 -0.282736
-45 -29 -0.104637 -0.184375
-45 -27 0 0
-45 -25 -0.172232 -0.158652
-45 -23 -0.159435 -0.0566481
-45 -21 -0.216797 -0.124969
-45 -19 -0.365246 -0.185045
-45 -17 -0.260763 -0.0246851
-45 -15 -0.281513 -0.0701066
-45 -13 -0.359282 -0.11711
-45 -11 -0.430425 -0.00329797
-45 -9 -0.274376 -0.00637827
-45 -7 -0.280077 -0.051993
-45 -5 -0.462835 0.0377396
-45 -3 -0.208933 0.00271496
-45 -1 -0.338046 0.0103781
-45 1 -0.443385 0.00104298
-45 3 -0.365132 -0.00534174
-45 5 -0.311403 0.0485806
-45 7 -0.288372 0.0113614
-45 9 -0.686926 0.162439
-45 11 -0.193372 0.0351225
-45 13 -0.268932 0.0396596
-45 15 -0.319308 0.0822337
-45 17 0.0989228 0.105176
-45 19 -0.317926 0.200264
-45 21 -0.561851 0.21623
-45 23 -0.148051 -0.00307296
-45 25 -0.104139 0.0731135
-45 27 -0.207902 0.16774
-45 29 -0.315919 0.268196
-45 31 -0.44322 0.212215
-45 33 -0.233079 0.162422
-45 35 -0.264744 0.205966
-45 37 -0.292842 0.181355
-45 39 -0.230619 0.305768
-45 41 -0.141645 0.0417866
-45 43 0 0
-45 45 -0.0737006 0.0861824
-45 47 -0.144067 0.239208
-45 49 -0.290449 0.391991
-45 51 -0.0864217 0.164473
-45 53 -0.199877 0.22799
-45 55 -0.106876 0.161109
-45 57 0 0
-45 59 0.0309014 0.0367758
-43 -59 -0.154227 -0.123169
-43 -57 -0.108987 -0.15329
-43 -55 0 0
-43 -53 -0.514285 -0.403774
-43 -51 -0.318703 -0.427283
-43 -49 -0.179222 -0.105204
-43 -47 -0.164049 -0.0545825
-43 -45 -0.229225 -0.127456
-43 -43 -0.0460271 -0.075643
-43 -41 -0.268955 -0.125629
-43 -39 0 0
-43 -37 -0.172236 -0.427879
-43 -35 -0.0967668 -0.09645
-43 -33 -0.218216 -0.16787
-43 -31 -0.149345 -0.0282715
-43 -29 -0.294612 -0.187206
-43 -27 -0.159897 -0.159715
-43 -25 -0.162011 -0.104804
-43 -23 -0.388631 -0.31271
-43 -21 -0.527194 -0.258656
-43 -19 -0.32286 -0.0758392
-43 -17 -0.287086 -0.133378
-43 -15 -0.535245 -0.186515
-43 -13 -0.345284 -0.108159
-43 -11 -0.392168 -0.0776016
-43 -9 -0.248485 -0.0297538
-43 -7 -0.359279 -0.0358491
-43 -5 -0.192115 -0.0587137
-43 -3 -0.219487 -0.0727039
-43 -1 -0.353966 -0.0106577
-43 1 -0.571258 -0.0559945
-43 3 -0.181041 -0.0052193
-43 5 -0.407106 -0.0154989
-43 7 -0.296761 0.00436378
-43 9 -0.26105 0.0445826
-43 11 -0.337414 0.035295
-43 13 -0.410088 0.0427294
-43 15 -0.311451 0.0837656
-43 17 -0.37977 0.148462
-43 19 -0.355374 0.133867
-43 21 -0.237288 0.0825017
-43 23 -0.41191 0.215834
-43 25 -0.412846 0.176125
-43 27 -0.304158 0.218821
-43 29 -0.281707 0.202363
-43 31 -0.178536 0.152006
-43 33 -0.338965 0.174144
-43 35 -0.257797 0.0753847
-43 37 0 0
-43 39 -0.0645723 -0.0491666
-43 41 0 0
-43 43 -0.308278 0.270803
-43 45 -0.118014 0.15455
-43 47 -0.352863 0.546691
-43 49 -0.286903 0.151315
-43 51 0 0
-43 53 -0.11882 0.14068
-43 55 0 0
-43 57 0.012759 0.311665
-43 59 0 0
-41 -59 -0.302047 -0.48636
-41 -57 -0.162101 -0.498714
-41 -55 -0.157801 -0.100057
-41 -53 0 0
-41 -51 0 0
-41 -49 -0.259852 -0.210681
-41 -47 0 0
-41 -45 -0.34247 -0.330789
-41 -43 -0.325255 -0.253844
-41 -41 -0.137775 -0.126528
-41 -39 -0.0153525 0.0522876
-41 -37 -0.281578 -0.104567
-41 -35 -0.149919 -0.181605
-41 -33 -0.208024 -0.121296
-41 -31 -0.136323 -0.18487
-41 -29 -0.210672 -0.117436
-41 -27 -0.215677 -0.135811
-41 -25 -0.116626 -0.0458981
-41 -23 -0.329754 -0.177025
-41 -21 -0.364501 -0.189806
-41 -19 -0.229851 -0.0858203
-41 -17 -0.44616 -0.182013
-41 -15 -0.234168 -0.115895
-41 -13 -0.387871 -0.128457
-41 -11 -0.257491 -0.106522
-41 -9 -0.193769 -0.064484
-41 -7 -0.317244 -0.0351909
-41 -5 -0.443981 -0.0433559
-41 -3 -0.207268 -0.0189709
-41 -1 -0.243393 -0.0294698
-41 1 -0.326563 -0.0108736
-41 3 -0.438102 0.025926
-41 5 -0.401728 0.0668745
-41 7 -0.215403 0.0957029
-41 9 -0.25035 0.021769
-41 11 -0.329062 0.0642506
-41 13 -0.271654 0.131344
-41 15 -0.18785 0.051444
-41 17 -0.282357 0.132072
-41 19 -0.438284 0.151381
-41 21 -0.204813 0.084201
-41 23 -0.144084 0.114583
-41 25 -0.270286 0.1587
-41 27 -0.0643204 0.0732116
-41 29 -0.247972 0.276815
-41 31 -0.408392 0.248092
-41 33 -0.17398 0.125167
-41 35 -0.28047 0.165725
-41 37 -0.305451 0.224912
-41 39 -0.106582 0.177599
-41 41 -0.222107 0.161817
-41 43 -0.0820062 0.0175564
-41 45 -0.265452 0.237621
-41 47 -0.265337 0.383544
-41 49 -0.354842 0.277825
-41 51 -0.104092 0.150736
-41 53 -0.21231 0.236825
-41 55 -0.234199 0.279617
-41 57 0.0687856 0.137385
-41 59 -0.499304 0.639201
-39 -59 -0.296516 -0.459447
-39 -57 0 0
-39 -55 -0.256291 -0.199439
-39 -53 -0.45567 -0.493741
-39 -51 -0.19104 -0.381843
-39 -49 -0.245622 -0.224937
-39 -47 -0.158718 -0.032399
-39 -45 -0.0376361 -0.180577
-39 -43 -0.353304 -0.398698
-39 -41 -0.28229 -0.277877
-39 -39 -0.122145 -0.079121
-39 -37 -0.203575 -0.21978
-39 -35 -0.302343 -0.303035
-39 -33 -0.281326 -0.122023
-39 -31 -0.363708 -0.27224
-39 -29 -0.244146 -0.190138
-39 -27 -0.105951 -0.0336539
-39 -25 -0.241459 -0.199019
-39 -23 -0.109196 -0.0406684
-39 -21 -0.255198 -0.105365
-39 -19 -0.31568 -0.177051
-39 -17 -0.231828 -0.13747
-39 -15 -0.211149 -0.0997951
-39 -13 -0.332108 -0.075892
-39 -11 -0.310819 -0.0910338
-39 -9 -0.30985 -0.057248
-39 -7 -0.292895 -0.0308079
-39 -5 -0.24191 -0.0674654
-39 -3 -0.214441 -0.0191011
-39 -1 -0.270633 -0.00746502
-39 1 -0.290343 0.0339266
-39 3 -0.141485 -0.0014544
-39 5 -0.273608 0.0310371
-39 7 -0.24968 0.0159991
-39 9 -0.495731 0.178017
-39 11 -0.41148 0.119973
-39 13 -0.416772 0.147766
-39 15 -0.379022 0.142117
-39 17 -0.239395 0.0646601
-39 19 -0.217644 0.102568
-39 21 -0.124766 0.111166
-39 23 -0.00989914 0.0845911
-39 25 -0.270976 0.162836
-39 27 -0.226976 0.198886
-39 29 -0.0479595 0.0535124
-39 31 -0.306639 0.199807
-39 33 -0.284103 0.222072
-39 35 -0.287004 0.259545
-39 37 -0.222284 0.16792
-39 39 -0.117135 0.16949
-39 41 -0.0276928 0.22889
-39 43 -0.0805825 0.158609
-39 45 -0.179363 0.141534
-39 47 -0.212702 0.265585
-39 49 -0.298741 0.288346
-39 51 0 0
-39 53 -0.268318 0.276578
-39 55 -0.774786 1.13779
-39 57 0.0127757 0.0491435
-39 59 0.119641 0.0921027
-37 -59 -0.0633463 -0.30015
-37 -57 -0.0291897 -0.0772332
-37 -55 -0.306675 -0.100084
-37 -53 -0.228403 -0.31603
-37 -51 -0.245235 -0.278629
-37 -49 -0.113111 -0.472852
-37 -47 -0.0677821 -0.116139
-37 -45 -0.162133 -0.257771
-37 -43 -0.217055 -0.240632
-37 -41 -0.110579 -0.191205
-37 -39 -0.281402 -0.29042
-37 -37 -0.185816 -0.18456
-37 -35 -0.170072 -0.0173232
-37 -33 -0.229842 -0.127564
-37 -31 -0.340396 -0.305784
-37 -29 -0.361336 -0.213141
-37 -27 -0.482416 -0.358953
-37 -25 -0.27767 -0.195192
-37 -23 -0.155598 -0.120654
-37 -21 -0.252402 -0.217724
-37 -19 -0.235124 -0.126107
-37 -17 -0.143578 -0.0562634
-37 -15 -0.295884 -0.155708
-37 -13 -0.263384 -0.0956909
-37 -11 -0.348098 -0.101158
-37 -9 -0.295512 -0.0609998
-37 -7 -0.403833 -0.0938013
-37 -5 -0.309802 -0.0151459
-37 -3 -0.310794 -0.0189458
-37 -1 -0.394157 0.0193889
-37 1 -0.38557 0.0100532
-37 3 -0.188338 -0.00929177
-37 5 -0.161031 0.000309698
-37 7 -0.207297 -0.0259228
-37 9 -0.315289 0.136917
-37 11 -0.257502 0.0905309
-37 13 -0.377256 0.0545519
-37 15 -0.308973 0.145609
-37 17 -0.336855 0.0827445
-37 19 -0.235629 0.0976614
-37 21 -0.351535 0.140666
-37 23 -0.279265 0.130747
-37 25 -0.175963 0.163607
-37 27 -0.290428 0.234258
-37 29 -0.337944 0.272855
-37 31 -0.280822 0.204045
-37 33 -0.198572 0.0764378
-37 35 -0.135239 0.121329
-37 37 -0.145898 0.128787
-37 39 -0.0350116 0.011488
-37 41 -0.479595 0.24739
-37 43 -0.255731 0.346474
-37 45 -0.138261 0.17251
-37 47 -0.105216 0.167721
-37 49 -0.132131 0.137659
-37 51 0 0
-37 53 -0.193273 0.136246
-37 55 0 0
-37 57 -0.211909 0.0811413
-37 59 -0.0546196 0.079008
-35 -59 0 0
-35 -57 0 0
-35 -55 -0.141649 -0.239946
-35 -53 -0.0926404 -0.196309
-35 -51 -0.040209 -0.172502
-35 -49 -0.0963403 0.0440607
-35 -47 -0.0808057 -0.0283068
-35 -45 -0.248327 -0.338148
-35 -43 -0.252066 -0.334495
-35 -41 -0.253027 -0.202067
-35 -39 -0.427122 -0.499255
-35 -37 -0.184149 -0.199319
-35 -35 -0.236268 -0.271594
-35 -33 -0.335133 -0.326315
-35 -31 -0.193088 -0.162144
-35 -29 -0.281553 -0.0637878
-35 -27 -0.249031 -0.221087
-35 -25 -0.359015 -0.208247
-35 -23 -0.213648 -0.088299
-35 -21 -0.257336 -0.158709
-35 -19 -0.234294 -0.0987145
-35 -17 -0.295768 -0.11665
-35 -15 -0.202524 -0.146231
-35 -13 -0.347689 -0.113497
-35 -11 -0.276028 -0.0952671
-35 -9 -0.340487 -0.0622586
-35 -7 -0.390518 -0.0678788
-35 -5 -0.405277 -0.0464095
-35 -3 -0.428533 -0.0553907
-35 -1 -0.369679 -0.0070374
-35 1 -0.422313 0.0131313
-35 3 -0.501282 0.0500599
-35 5 -0.421863 0.0869826
-35 7 -0.332546 0.0512396
-35 9 -0.188141 0.100889
-35 11 -0.3116 0.0862872
-35 13 -0.290205 0.0945439
-35 15 -0.269078 0.0810077
-35 17 -0.227154 0.135322
-35 19 -0.437254 0.232593
-35 21 -0.341312 0.236046
-35 23 -0.296745 0.216774
-35 25 -0.305048 0.127033
-35 27 -0.214137 0.1399
-35 29 -0.204924 0.217706
-35 31 -0.102977 0.0477894
-35 33 -0.284609 0.101641
-35 35 -0.237033 0.239484
-35 37 -0.189386 0.260773
-35 39 -0.201255 0.236416
-35 41 0.034783 0.0668151
-35 43 -0.00700171 0.0079851
-35 45 -0.0215079 0.593916
-35 47 -0.287005 0.315239
-35 49 -0.141812 0.224268
-35 51 -0.306605 0.486332
-35 53 -0.199044 0.389063
-35 55 -0.209732 0.517776
-35 57 -0.191024 0.189118
-35 59 -0.122362 0.11249
-33 -59 -0.175003 -0.108858
-33 -57 -0.0471634 -0.0808523
-33 -55 -0.122644 -0.157449
-33 -53 0.0407879 -0.0709217
-33 -51 0 0
-33 -49 -0.0482936 -0.250244
-33 -47 -0.0431786 -0.0336644
-33 -45 -0.280421 -0.356186
-33 -43 -0.359368 -0.337329
-33 -41 -0.114214 -0.165879
-33 -39 -0.307627 -0.297385
-33 -37 -0.0840344 -0.215338
-33 -35 -0.260918 -0.060823
-33 -33 -0.0175943 -0.237045
-33 -31 -0.296636 -0.233086
-33 -29 -0.230851 -0.239688
-33 -27 -0.115112 -0.187213
-33 -25 -0.163264 -0.139203
-33 -23 -0.551793 -0.35895
-33 -21 -0.186451 -0.101394
-33 -19 -0.421386 -0.24374
-33 -17 -0.428952 -0.20635
-33 -15 -0.220934 -0.111832
-33 -13 -0.356492 -0.137235
-33 -11 -0.421736 -0.136572
-33 -9 -0.513803 -0.138609
-33 -7 -0.508841 -0.0899164
-33 -5 -0.520091 -0.0726581
-33 -3 -0.532227 -0.0463082
-33 -1 -0.542405 -0.00829082
-33 1 -0.533285 0.0113262
-33 3 -0.557513 0.050251
-33 5 -0.546536 0.0726044
-33 7 -0.483637 0.0956724
-33 9 -0.492097 0.127575
-33 11 -0.478159 0.150018
-33 13 -0.390723 0.137236
-33 15 -0.362089 0.154121
-33 17 -0.293569 0.182487
-33 19 -0.225334 0.183332
-33 21 -0.257898 0.159706
-33 23 -0.325104 0.280896
-33 25 -0.316806 0.311962
-33 27 -0.286542 0.197671
-33 29 -0.198775 0.181442
-33 31 -0.204996 0.268978
-33 33 -0.240943 0.269063
-33 35 -0.229659 0.295417
-33 37 -0.313845 0.239153
-33 39 -0.224272 0.249144
-33 41 -0.247266 0.37052
-33 43 0.1861 -0.103943
-33 45 -0.119279 0.0655598
-33 47 -0.155599 0.215234
-33 49 -0.127988 0.43051
-33 51 -0.180969 0.233456
-33 53 -0.071847 0.0635969
-33 55 -0.1761 0.308815
-33 57 -0.148043 0.124486
-33 59 -0.421918 0.255645
-31 -59 -0.0297848 -0.0111322
-31 -57 0 0
-31 -55 -0.153983 -0.334381
-31 -53 -0.0703244 -0.101405
-31 -51 -0.320711 -0.339335
-31 -49 -0.554465 -1.01878
-31 -47 -0.220658 -0.268928
-31 -45 -0.158783 -0.300793
-31 -43 -0.0867153 -0.102102
-31 -41 -0.250347 -0.305958
-31 -39 -0.267145 -0.227812
-31 -37 -0.136548 -0.293098
-31 -35 -0.182479 -0.223779
-31 -33 -0.177075 -0.19721
-31 -31 -0.135393 -0.145218
-31 -29 -0.258565 -0.237166
-31 -27 -0.192228 -0.12587
-31 -25 -0.225123 -0.209318
-31 -23 -0.202197 -0.170067
-31 -21 -0.276309 -0.184815
-31 -19 -0.21159 -0.152101
-31 -17 -0.294405 -0.151622
-31 -15 -0.486004 -0.222319
-31 -13 -0.545606 -0.217147
-31 -11 -0.52241 -0.173764
-31 -9 -0.529915 -0.145644
-31 -7 -0.522059 -0.111259
-31 -5 -0.554726 -0.0850749
-31 -3 -0.536966 -0.0488467
-31 -1 -0.552821 -0.0179576
-31 1 -0.536967 0.0181077
-31 3 -0.549933 0.0534066
-31 5 -0.538148 0.0831723
-31 7 -0.545817 0.118222
-31 9 -0.532185 0.147025
-31 11 -0.54295 0.182422
-31 13 -0.513323 0.204266
-31 15 -0.472071 0.206126
-31 17 -0.356184 0.204676
-31 19 -0.25825 0.14921
-31 21 -0.175987 0.0728432
-31 23 -0.22264 0.175317
-31 25 -0.181556 0.187772
-31 27 -0.21994 0.183119
-31 29 -0.219113 0.184145
-31 31 -0.0550337 0.000364413
-31 33 -0.103809 0.161491
-31 35 -0.124059 0.155173
-31 37 -0.192551 0.223386
-31 39 -0.258864 0.272541
-31 41 -0.153147 0.255847
-31 43 -0.0608313 0.148533
-31 45 -0.140762 0.256145
-31 47 -0.034974 0.166034
-31 49 -0.147649 0.151628
-31 51 -0.118685 0.377774
-31 53 -0.113401 0.19864
-31 55 -0.0203743 0.181116
-31 57 -0.10302 0.221918
-31 59 -0.297891 0.56493
-29 -59 0.0756148 -0.206343
-29 -57 -0.10211 -0.289943
-29 -55 -0.120029 -0.258325
-29 -53 -0.0516845 -0.17768
-29 -51 -0.105415 -0.218696
-29 -49 0 0
-29 -47 -0.182511 -0.163048
-29 -45 -0.221426 -0.360677
-29 -43 -0.082836 -0.0686601
-29 -41 -0.169204 -0.145012
-29 -39 -0.236252 -0.305848
-29 -37 -0.106292 -0.145695
-29 -35 -0.139711 -0.19883
-29 -33 -0.185839 -0.313745
-29 -31 -0.427974 -0.464938
-29 -29 -0.176975 -0.202939
-29 -27 -0.187597 -0.178145
-29 -25 -0.232776 -0.154501
-29 -23 -0.233195 -0.199821
-29 -21 -0.310289 -0.197411
-29 -19 -0.454557 -0.281191
-29 -17 -0.482486 -0.268186
-29 -15 -0.483773 -0.233832
-29 -13 -0.500808 -0.215813
-29 -11 -0.513344 -0.18677
-29 -9 -0.527349 -0.153349
-29 -7 -0.532656 -0.123311
-29 -5 -0.554893 -0.0908607
-29 -3 -0.577883 -0.0592651
-29 -1 -0.561717 -0.0171043
-29 1 -0.569023 0.02073
-29 3 -0.561774 0.0541563
-29 5 -0.536384 0.0882967
-29 7 -0.531381 0.123612
-29 9 -0.511951 0.149296
-29 11 -0.524601 0.190604
-29 13 -0.505126 0.214382
-29 15 -0.5091 0.247227
-29 17 -0.476087 0.266173
-29 19 -0.4166 0.263284
-29 21 -0.381347 0.29313
-29 23 -0.28225 0.202333
-29 25 -0.292505 0.287061
-29 27 -0.309766 0.228115
-29 29 -0.134232 0.168165
-29 31 -0.143056 0.213672
-29 33 -0.122634 0.143956
-29 35 -0.173666 0.233417
-29 37 -0.0222249 0.00167639
-29 39 -0.0596256 0.140847
-29 41 -0.208947 0.280782
-29 43 -0.0020599 0.166086
-29 45 -0.0902221 0.0784133
-29 47 -0.086196 0.0836685
-29 49 -0.11513 0.130307
-29 51 -0.0902762 0.280515
-29 53 -0.206012 0.319784
-29 55 -0.0442885 0.127789
-29 57 -0.0789264 0.208444
-29 59 0 0
-27 -59 -0.121946 -0.291769
-27 -57 0.00282434 -0.0813832
-27 -55 -0.143376 -0.135765
-27 -53 0 0
-27 -51 -0.13434 -0.386209
-27 -49 -0.15021 -0.400401
-27 -47 -0.177136 -0.296041
-27 -45 -0.234543 -0.488883
-27 -43 -0.103315 -0.177007
-27 -41 -0.19984 -0.286237
-27 -39 -0.174509 -0.230653
-27 -37 -0.253994 -0.370892
-27 -35 -0.235178 -0.207256
-27 -33 -0.29759 -0.290527
-27 -31 -0.259254 -0.29063
-27 -29 -0.306653 -0.230724
-27 -27 -0.23998 -0.218466
-27 -25 -0.349589 -0.31802
-27 -23 -0.385222 -0.319964
-27 -21 -0.444867 -0.331011
-27 -19 -0.432439 -0.289077
-27 -17 -0.4611 -0.269215
-27 -15 -0.480565 -0.255858
-27 -13 -0.490741 -0.223125
-27 -11 -0.504371 -0.197197
-27 -9 -0.553625 -0.180877
-27 -7 -0.570547 -0.141621
-27 -5 -0.59376 -0.106358
-27 -3 -0.620236 -0.0667008
-27 -1 -0.623274 -0.0209742
-27 1 -0.617048 0.0209262
-27 3 -0.622631 0.0673799
-27 5 -0.593358 0.105888
-27 7 -0.570904 0.143774
-27 9 -0.540095 0.173563
-27 11 -0.513582 0.20055
-27 13 -0.486636 0.224135
-27 15 -0.472414 0.247042
-27 17 -0.460577 0.272632
-27 19 -0.454827 0.305466
-27 21 -0.426204 0.324263
-27 23 -0.312954 0.268768
-27 25 -0.203556 0.195456
-27 27 -0.180228 0.165564
-27 29 -0.167218 0.187988
-27 31 -0.23388 0.292589
-27 33 -0.196516 0.251832
-27 35 -0.146533 0.220727
-27 37 -0.17234 0.324728
-27 39 -0.16713 0.0692864
-27 41 0.0567959 0.167304
-27 43 0.0167308 0.189778
-27 45 -0.0221474 0.229445
-27 47 -0.0956426 0.143597
-27 49 -0.1204 0.191878
-27 51 0.0951725 0.118801
-27 53 0.0241104 0.0936635
-27 55 -0.158119 0.288159
-27 57 -0.0130653 0.200162
-27 59 -0.0514794 0.273972
-25 -59 -0.107821 -0.253524
-25 -57 -0.0742265 -0.147322
-25 -55 0.0243273 -0.0167122
-25 -53 -0.194927 -0.313281
-25 -51 -0.128066 -0.295705
-25 -49 -0.109345 0.0197866
-25 -47 -0.0829053 -0.257694
-25 -45 0.0444661 -0.0175594
-25 -43 -0.157449 -0.19832
-25 -41 -0.220934 -0.347907
-25 -39 -0.159053 -0.286187
-25 -37 -0.242976 -0.404619
-25 -35 -0.116927 -0.196357
-25 -33 -0.146159 -0.164297
-25 -31 -0.21862 -0.283235
-25 -29 -0.262452 -0.234615
-25 -27 -0.181489 -0.197795
-25 -25 -0.320951 -0.298164
-25 -23 -0.409998 -0.353274
-25 -21 -0.413727 -0.328798
-25 -19 -0.425374 -0.306274
-25 -17 -0.45013 -0.29718
-25 -15 -0.464513 -0.272779
-25 -13 -0.517442 -0.258775
-25 -11 -0.560769 -0.23791
-25 -9 -0.588675 -0.2065
-25 -7 -0.63899 -0.177753
-25 -5 -0.651584 -0.127342
-25 -3 -0.673005 -0.0789434
-25 -1 -0.683308 -0.0269321
-25 1 -0.677051 0.0268959
-25 3 -0.675714 0.0790693
-25 5 -0.655559 0.130413
-25 7 -0.630994 0.174213
-25 9 -0.579823 0.204429
-25 11 -0.548922 0.235584
-25 13 -0.515767 0.259391
-25 15 -0.466748 0.26988
-25 17 -0.439324 0.287824
-25 19 -0.430903 0.312741
-25 21 -0.413309 0.330618
-25 23 -0.431369 0.383895
-25 25 -0.338333 0.31801
-25 27 -0.241668 0.250556
-25 29 -0.136583 0.148118
-25 31 -0.250571 0.310143
-25 33 -0.11248 0.249764
-25 35 -0.141138 0.166693
-25 37 -0.100944 0.198398
-25 39 -0.064053 0.205507
-25 41 -0.237272 0.400508
-25 43 -0.327371 0.559119
-25 45 -0.107506 0.233873
-25 47 -0.0446292 0.0717138
-25 49 -0.163535 0.331796
-25 51 0.0187994 0.269205
-25 53 0.0214629 0.210673
-25 55 -0.196044 0.178716
-25 57 -0.225379 -0.0488544
-25 59 -0.00222086 0.116084
-23 -59 -0.111184 -0.0431787
-23 -57 -0.140248 -0.330921
-23 -55 -0.0762752 -0.23457
-23 -53 0 0
-23 -51 -0.127704 -0.272779
-23 -49 -0.0638986 -0.0662538
-23 -47 -0.165673 -0.209871
-23 -45 -0.14159 -0.283947
-23 -43 -0.0930875 -0.150649
-23 -41 -0.16971 -0.329582
-23 -39 -0.161481 -0.166334
-23 -37 -0.174134 -0.290687
-23 -35 -0.195681 -0.169878
-23 -33 -0.150251 -0.174543
-23 -31 -0.200846 -0.22451
-23 -29 -0.277556 -0.347796
-23 -27 -0.271715 -0.340088
-23 -25 -0.38347 -0.396332
-23 -23 -0.386847 -0.366188
-23 -21 -0.391781 -0.342537
-23 -19 -0.408347 -0.324346
-23 -17 -0.444798 -0.317585
-23 -15 -0.504463 -0.320008
-23 -13 -0.552002 -0.304861
-23 -11 -0.596216 -0.277757
-23 -9 -0.627368 -0.242872
-23 -7 -0.652067 -0.197651
-23 -5 -0.661498 -0.140681
-23 -3 -0.664568 -0.087256
-23 -1 -0.668883 -0.027735
-23 1 -0.66845 0.0273555
-23 3 -0.664722 0.0855173
-23 5 -0.66763 0.143019
-23 7 -0.651002 0.196277
-23 9 -0.627193 0.240445
-23 11 -0.597194 0.283149
-23 13 -0.55106 0.307175
-23 15 -0.510573 0.323852
-23 17 -0.450043 0.324975
-23 19 -0.409377 0.327898
-23 21 -0.395891 0.344546
-23 23 -0.386879 0.363422
-23 25 -0.393743 0.404621
-23 27 -0.321166 0.360191
-23 29 -0.221714 0.280125
-23 31 -0.183141 0.262709
-23 33 -0.197393 0.344444
-23 35 -0.153277 0.229628
-23 37 -0.178356 0.243198
-23 39 -0.0366635 0.322277
-23 41 -0.197054 0.336344
-23 43 -0.208909 0.362905
-23 45 -0.115459 0.164382
-23 47 -0.138334 0.173968
-23 49 -0.151424 0.381545
-23 51 -0.104747 0.242973
-23 53 -0.0331306 0.201942
-23 55 0 0
-23 57 -0.0747986 0.101065
-23 59 -0.252829 0.156868
-21 -59 -0.0539956 -0.180114
-21 -57 -0.117514 -0.27022
-21 -55 -0.187497 -0.0761819
-21 -53 -0.0412806 -0.330725
-21 -51 -0.0423853 -0.283102
-21 -49 -0.289536 -0.483125
-21 -47 -0.022017 -0.155644
-21 -45 -0.0540229 -0.12469
-21 -43 -0.0604214 -0.284343
-21 -41 -0.194196 -0.379252
-21 -39 -0.0981782 -0.178648
-21 -37 -0.118702 -0.217887
-21 -35 -0.109853 -0.159314
-21 -33 -0.170753 -0.28474
-21 -31 -0.192763 -0.316857
-21 -29 -0.277281 -0.378841
-21 -27 -0.354594 -0.434261
-21 -25 -0.343316 -0.391443
-21 -23 -0.368301 -0.387488
-21 -21 -0.372366 -0.363233
-21 -19 -0.414774 -0.36799
-21 -17 -0.465379 -0.369497
-21 -15 -0.522645 -0.368296
-21 -13 -0.56644 -0.348837
-21 -11 -0.597471 -0.312289
-21 -9 -0.61248 -0.263376
-21 -7 -0.616837 -0.205965
-21 -5 -0.618011 -0.148842
-21 -3 -0.615979 -0.0887749
-21 -1 -0.619788 -0.0297176
-21 1 -0.620036 0.0295263
-21 3 -0.621852 0.0908187
-21 5 -0.614542 0.147889
-21 7 -0.617439 0.205365
-21 9 -0.606523 0.260796
-21 11 -0.596441 0.311401
-21 13 -0.571019 0.350372
-21 15 -0.521999 0.368091
-21 17 -0.475244 0.37712
-21 19 -0.414785 0.368153
-21 21 -0.382332 0.373442
-21 23 -0.349327 0.370488
-21 25 -0.336427 0.382463
-21 27 -0.333139 0.410641
-21 29 -0.307704 0.428422
-21 31 -0.142857 0.255638
-21 33 -0.141577 0.225149
-21 35 -0.065086 0.199362
-21 37 -0.119239 0.348723
-21 39 -0.180474 0.309116
-21 41 -0.0666172 0.258892
-21 43 0.0423676 0.000685155
-21 45 -0.288413 0.628828
-21 47 -0.127626 0.444075
-21 49 -0.021111 0.1399
-21 51 -0.0638207 0.339675
-21 53 -0.211 0.452054
-21 55 -0.115177 0.15152
-21 57 -0.178534 0.421691
-21 59 -0.0605223 0.481488
-19 -59 0.130392 -0.388727
-19 -57 0 0
-19 -55 -0.121302 -0.321826
-19 -53 -0.071884 -0.200958
-19 -51 -0.0712021 -0.357421
-19 -49 -0.105181 -0.313556
-19 -47 -0.147089 -0.235681
-19 -45 -0.141038 -0.408497
-19 -43 -0.182952 -0.389609
-19 -41 0.134049 -0.180904
-19 -39 -0.157883 -0.421786
-19 -37 -0.125256 -0.159459
-19 -35 -0.301338 -0.648458
-19 -33 -0.220997 -0.380841
-19 -31 -0.232688 -0.386603
-19 -29 -0.290369 -0.425351
-19 -27 -0.318932 -0.434274
-19 -25 -0.316884 -0.40366
-19 -23 -0.336592 -0.401372
-19 -21 -0.374626 -0.408985
-19 -19 -0.435378 -0.429849
-19 -17 -0.483373 -0.430549
-19 -15 -0.524945 -0.413741
-19 -13 -0.54266 -0.373544
-19 -11 -0.551267 -0.323883
-19 -9 -0.551386 -0.265526
-19 -7 -0.54983 -0.20781
-19 -5 -0.547209 -0.1488
-19 -3 -0.544462 -0.0884931
-19 -1 -0.545761 -0.0297744
-19 1 -0.541348 0.0292221
-19 3 -0.544171 0.0900971
-19 5 -0.547668 0.149738
-19 7 -0.549611 0.208555
-19 9 -0.552776 0.267445
-19 11 -0.553422 0.325916
-19 13 -0.537032 0.37098
-19 15 -0.522114 0.412528
-19 17 -0.485643 0.431081
-19 19 -0.422906 0.417868
-19 21 -0.369895 0.404321
-19 23 -0.331911 0.393207
-19 25 -0.310386 0.394599
-19 27 -0.307343 0.418584
-19 29 -0.308673 0.457521
-19 31 -0.0981388 0.238435
-19 33 -0.134459 0.212061
-19 35 -0.234386 0.488028
-19 37 -0.177562 0.319146
-19 39 -0.165644 0.380726
-19 41 -0.0977237 0.275689
-19 43 -0.0896332 0.246812
-19 45 -0.0280802 0.211225
-19 47 -0.016409 0.361856
-19 49 0.0243923 0.404495
-19 51 -0.216353 0.344492
-19 53 -0.208665 0.245003
-19 55 -0.0902534 0.283674
-19 57 -0.0968443 0.161773
-19 59 0 0
-17 -59 -0.0276986 -0.109101
-17 -57 -0.148541 -0.416793
-17 -55 0.0638024 -0.013301
-17 -53 -0.173205 -0.649184
-17 -51 -0.0359676 -0.108625
-17 -49 -0.103034 -0.327203
-17 -47 -0.0157992 -0.186076
-17 -45 -0.130658 -0.220123
-17 -43 -0.0485786 -0.215959
-17 -41 -0.0905185 -0.31974
-17 -39 -0.0811993 -0.346091
-17 -37 -0.0770326 -0.161895
-17 -35 -0.102284 -0.291825
-17 -33 -0.131123 -0.22525
-17 -31 -0.236351 -0.40323
-17 -29 -0.280868 -0.459351
-17 -27 -0.26833 -0.417272
-17 -25 -0.281475 -0.408249
-17 -23 -0.320342 -0.429313
-17 -21 -0.374461 -0.462435
-17 -19 -0.421095 -0.473851
-17 -17 -0.465154 -0.468933
-17 -15 -0.482252 -0.434568
-17 -13 -0.486619 -0.382951
-17 -11 -0.485798 -0.325225
-17 -9 -0.477783 -0.265683
-17 -7 -0.4729 -0.205011
-17 -5 -0.466215 -0.145871
-17 -3 -0.460931 -0.0867371
-17 -1 -0.458288 -0.0292606
-17 1 -0.457843 0.0290555
-17 3 -0.461742 0.0868333
-17 5 -0.466896 0.14516
-17 7 -0.473668 0.205853
-17 9 -0.480782 0.266737
-17 11 -0.48415 0.325845
-17 13 -0.486521 0.381955
-17 15 -0.483424 0.431892
-17 17 -0.461928 0.468222
-17 19 -0.424735 0.476769
-17 21 -0.369852 0.454353
-17 23 -0.319332 0.429241
-17 25 -0.29304 0.426129
-17 27 -0.27769 0.431757
-17 29 -0.277423 0.452867
-17 31 -0.257857 0.47164
-17 33 -0.161206 0.371156
-17 35 -0.104217 0.198813
-17 37 -0.212758 0.470306
-17 39 -0.03329 0.283027
-17 41 -0.0773167 0.26357
-17 43 -0.357354 0.741542
-17 45 -0.0899284 0.166658
-17 47 -0.0152626 0.182002
-17 49 0.045775 0.0439323
-17 51 -0.0604327 0.270414
-17 53 -0.0362398 0.190819
-17 55 -0.249206 0.579687
-17 57 -0.0542166 0.245713
-17 59 -0.00179789 0.224156
-15 -59 0.03524 -0.0334506
-15 -57 -0.0782331 -0.327398
-15 -55 -0.0115289 -0.311635
-15 -53 -0.0987692 -0.36518
-15 -51 -0.103749 -0.36351
-15 -49 -0.0926533 -0.272969
-15 -47 -0.0179017 -0.123214
-15 -45 -0.107309 -0.219503
-15 -43 -0.0716841 -0.128708
-15 -41 -0.172147 -0.0920032
-15 -39 -0.192537 -0.284198
-15 -37 -0.157121 -0.341076
-15 -35 -0.114915 -0.221587
-15 -33 -0.180077 -0.384303
-15 -31 -0.246201 -0.496191
-15 -29 -0.23885 -0.447877
-15 -27 -0.2408 -0.425314
-15 -25 -0.263957 -0.441241
-15 -23 -0.300233 -0.463367
-15 -21 -0.358406 -0.509306
-15 -19 -0.393439 -0.506648
-15 -17 -0.412432 -0.482832
-15 -15 -0.420256 -0.440487
-15 -13 -0.416628 -0.380786
-15 -11 -0.41223 -0.322218
-15 -9 -0.401866 -0.260603
-15 -7 -0.392346 -0.199029
-15 -5 -0.381443 -0.140207
-15 -3 -0.371616 -0.0826441
-15 -1 -0.368311 -0.0271901
-15 1 -0.36826 0.0269612
-15 3 -0.372079 0.0820079
-15 5 -0.381001 0.139484
-15 7 -0.391624 0.199836
-15 9 -0.40245 0.260582
-15 11 -0.410707 0.322091
-15 13 -0.417163 0.382269
-15 15 -0.416444 0.435452
-15 17 -0.415975 0.487078
-15 19 -0.397771 0.51605
-15 21 -0.34922 0.497779
-15 23 -0.303607 0.469549
-15 25 -0.261568 0.439043
-15 27 -0.244552 0.435923
-15 29 -0.242063 0.45545
-15 31 -0.223555 0.449218
-15 33 -0.199382 0.373055
-15 35 -0.0814244 0.266241
-15 37 -0.0952926 0.327405
-15 39 -0.0604272 0.213753
-15 41 -0.0976688 0.276862
-15 43 -0.0813446 0.124282
-15 45 -0.10902 0.156499
-15 47 -0.169636 0.427592
-15 49 -0.0965792 0.416219
-15 51 0.0235694 0.111363
-15 53 -0.0449794 0.20482
-15 55 -0.115574 0.0917758
-15 57 -0.0315499 0.17903
-15 59 -0.0298404 -0.00796458
-13 -59 -0.0834427 -0.581187
-13 -57 -0.0593563 -0.286427
-13 -55 -0.0334522 -0.435305
-13 -53 -0.166502 -0.218657
-13 -51 0.0410876 -0.256141
-13 -49 -0.151588 -0.61875
-13 -47 -0.0481808 -0.271574
-13 -45 -0.183893 -0.169178
-13 -43 -0.0920688 -0.378772
-13 -41 -0.0654072 -0.199644
-13 -39 -0.0411341 -0.210421
-13 -37 -0.0760919 -0.244672
-13 -35 -0.0299519 -0.114321
-13 -33 -0.200066 -0.479559
-13 -31 -0.217287 -0.504837
-13 -29 -0.197022 -0.436117
-13 -27 -0.210131 -0.44007
-13 -25 -0.237687 -0.465234
-13 -23 -0.283043 -0.515865
-13 -21 -0.32157 -0.536639
-13 -19 -0.34251 -0.525098
-13 -17 -0.350143 -0.488082
-13 -15 -0.350851 -0.437135
-13 -13 -0.343023 -0.376249
-13 -11 -0.334008 -0.314494
-13 -9 -0.322539 -0.251942
-13 -7 -0.307331 -0.188775
-13 -5 -0.292672 -0.129274
-13 -3 -0.277914 -0.0741766
-13 -1 -0.269036 -0.0237199
-13 1 -0.268612 0.0239333
-13 3 -0.278287 0.0743203
-13 5 -0.293015 0.129253
-13 7 -0.308193 0.189224
-13 9 -0.322037 0.252019
-13 11 -0.334581 0.315524
-13 13 -0.344512 0.377458
-13 15 -0.350954 0.436387
-13 17 -0.354358 0.491848
-13 19 -0.346977 0.53065
-13 21 -0.320567 0.538275
-13 23 -0.277692 0.506043
-13 25 -0.243885 0.479761
-13 27 -0.209415 0.434007
-13 29 -0.200032 0.44464
-13 31 -0.218973 0.503134
-13 33 -0.219308 0.573036
-13 35 -0.081433 0.228395
-13 37 -0.129784 0.43471
-13 39 -0.14886 0.277081
-13 41 -0.069081 0.0406079
-13 43 -0.125395 0.419019
-13 45 -0.0645987 0.473546
-13 47 -0.104517 0.368778
-13 49 -0.157435 0.262079
-13 51 -0.110545 0.400995
-13 53 -0.0103003 0.148678
-13 55 -0.0933347 0.265337
-13 57 -0.0406748 0.20932
-13 59 -0.113976 0.288482
-11 -59 -0.0178369 0.0715932
-11 -57 -0.0402273 -0.135962
-11 -55 -0.15379 -0.549609
-11 -53 -0.0347618 -0.212366
-11 -51 -0.190013 -0.9231
-11 -49 0.0324375 -0.289865
-11 -47 -0.0913135 -0.0975572
-11 -45 -0.0512841 -0.179269
-11 -43 -0.0923274 -0.324172
-11 -41 -0.0501641 -0.225062
-11 -39 -0.0736517 -0.24458
-11 -37 -0.0979692 -0.431298
-11 -35 -0.11018 -0.369878
-11 -33 -0.174466 -0.525137
-11 -31 -0.166713 -0.472973
-11 -29 -0.172041 -0.459205
-11 -27 -0.184299 -0.46497
-11 -25 -0.213346 -0.506031
-11 -23 -0.251391 -0.553041
-11 -21 -0.273947 -0.55775
-11 -19 -0.288967 -0.540731
-11 -17 -0.287468 -0.4933
-11 -15 -0.282464 -0.434173
-11 -13 -0.270826 -0.370826
-11 -11 -0.259574 -0.304425
-11 -9 -0.245326 -0.238795
-11 -7 -0.226057 -0.17466
-11 -5 -0.202064 -0.1124
-11 -3 -0.180512 -0.0612248
-11 -1 -0.168039 -0.0191516
-11 1 -0.168092 0.019384
-11 3 -0.18042 0.0612192
-11 5 -0.202283 0.112396
-11 7 -0.225994 0.173757
-11 9 -0.24502 0.239162
-11 11 -0.260368 0.304607
-11 13 -0.270674 0.368773
-11 15 -0.280574 0.43334
-11 17 -0.287843 0.492815
-11 19 -0.285718 0.536505
-11 21 -0.274968 0.560516
-11 23 -0.250753 0.553159
-11 25 -0.212 0.502371
-11 27 -0.185761 0.471896
-11 29 -0.173043 0.4659
-11 31 -0.168378 0.475122
-11 33 -0.162838 0.470526
-11 35 -0.125068 0.316483
-11 37 -0.216215 0.17359
-11 39 -0.0486093 0.147377
-11 41 -0.0617791 0.482236
-11 43 -0.0554053 0.405675
-11 45 -0.0817525 0.207442
-11 47 -0.048414 0.250193
-11 49 -0.036692 0.476774
-11 51 -0.107693 0.316997
-11 53 -0.090672 0.237158
-11 55 -0.149827 0.154799
-11 57 0 0
-11 59 -0.0200313 0.194767
-9 -59 -0.0613252 -0.153815
-9 -57 -0.0536748 -0.444255
-9 -55 0.173161 0.0387398
-9 -53 -0.0184497 -0.32239
-9 -51 0.014946 -0.149414
-9 -49 -0.0717789 -0.250437
-9 -47 -0.157535 -0.308078
-9 -45 -0.066693 -0.246828
-9 -43 -0.0320545 -0.165421
-9 -41 -0.0181335 -0.223836
-9 -39 -0.0219896 -0.275887
-9 -37 -0.103408 -0.395173
-9 -35 -0.119085 -0.453905
-9 -33 -0.150223 -0.539597
-9 -31 -0.134677 -0.475265
-9 -29 -0.137469 -0.460019
-9 -27 -0.152269 -0.483714
-9 -25 -0.177662 -0.529627
-9 -23 -0.204269 -0.572332
-9 -21 -0.218455 -0.568665
-9 -19 -0.222419 -0.53798
-9 -17 -0.218916 -0.486737
-9 -15 -0.212262 -0.426591
-9 -13 -0.201986 -0.363286
-9 -11 -0.189496 -0.294063
-9 -9 -0.171925 -0.224169
-9 -7 -0.149324 -0.154335
-9 -5 -0.123254 -0.0933409
-9 -3 -0.103838 -0.0492001
-9 -1 -0.0952519 -0.0157485
-9 1 -0.0951176 0.0152333
-9 3 -0.103886 0.0492702
-9 5 -0.12267 0.0929067
-9 7 -0.149382 0.154177
-9 9 -0.171897 0.225088
-9 11 -0.188677 0.295705
-9 13 -0.200876 0.362552
-9 15 -0.211894 0.426837
-9 17 -0.218897 0.486485
-9 19 -0.221489 0.537541
-9 21 -0.218689 0.571158
-9 23 -0.199338 0.564058
-9 25 -0.180681 0.542424
-9 27 -0.151123 0.480916
-9 29 -0.135062 0.45842
-9 31 -0.134447 0.479871
-9 33 -0.144825 0.531029
-9 35 -0.10987 0.416635
-9 37 -0.0470755 0.30728
-9 39 -0.0632729 0.248929
-9 41 -0.00684304 0.320651
-9 43 -0.0238083 0.259543
-9 45 -0.109806 0.44377
-9 47 0.0130937 0.105924
-9 49 -0.146359 0.434936
-9 51 0.22172 0.27304
-9 53 0.0380716 0.253662
-9 55 0.0157214 0.291328
-9 57 0.191681 0.461387
-9 59 0.0858347 -0.00199249
-7 -59 -0.123198 -0.549681
-7 -57 7.41556e-05 -0.167477
-7 -55 -0.0376755 -0.257358
-7 -53 -0.0751363 -0.0135278
-7 -51 0.0513673 -0.318724
-7 -49 0.00429232 -0.242522
-7 -47 -0.0398048 -0.175771
-7 -45 -0.0376874 -0.217752
-7 -43 -0.0348161 -0.255298
-7 -41 -0.0235028 -0.244596
-7 -39 -0.0852589 -0.32138
-7 -37 -0.00799586 -0.225402
-7 -35 -0.0993898 -0.507606
-7 -33 -0.101149 -0.510067
-7 -31 -0.10154 -0.475416
-7 -29 -0.102067 -0.455887
-7 -27 -0.114855 -0.496937
-7 -25 -0.131456 -0.534764
-7 -23 -0.150104 -0.571565
-7 -21 -0.158101 -0.572601
-7 -19 -0.157784 -0.534265
-7 -17 -0.152739 -0.481897
-7 -15 -0.143433 -0.418709
-7 -13 -0.133331 -0.354561
-7 -11 -0.12149 -0.28548
-7 -9 -0.105761 -0.210331
-7 -7 -0.0845438 -0.136567
-7 -5 -0.0638227 -0.0804389
-7 -3 -0.0521411 -0.0437367
-7 -1 -0.0471395 -0.013978
-7 1 -0.0471513 0.0139795
-7 3 -0.0520066 0.0433667
-7 5 -0.0638908 0.0805356
-7 7 -0.0844296 0.136852
-7 9 -0.105388 0.210923
-7 11 -0.120911 0.285615
-7 13 -0.133509 0.355962
-7 15 -0.14342 0.419756
-7 17 -0.151679 0.480813
-7 19 -0.158305 0.537731
-7 21 -0.157364 0.565005
-7 23 -0.149654 0.578775
-7 25 -0.133154 0.539184
-7 27 -0.11574 0.494791
-7 29 -0.102894 0.461653
-7 31 -0.100248 0.475057
-7 33 -0.10445 0.527425
-7 35 -0.0852006 0.489713
-7 37 -0.0800413 0.292335
-7 39 -0.0272113 0.125838
-7 41 -0.033912 0.241265
-7 43 -0.0939331 0.243233
-7 45 -0.0334937 0.0496316
-7 47 0.0202188 0.335693
-7 49 -0.118758 0.219918
-7 51 0.00444821 0.342047
-7 53 0.0336126 0.125588
-7 55 -0.080502 0.289307
-7 57 0.0359132 0.588771
-7 59 -0.0417185 0.152933
-5 -59 -0.0361547 -0.340874
-5 -57 -0.051365 -0.194933
-5 -55 -0.078193 -0.131701
-5 -53 -0.0314455 -0.379738
-5 -51 0.00985532 -0.126442
-5 -49 -0.0179374 -0.320426
-5 -47 -0.128246 -0.409544
-5 -45 -0.0284497 -0.166965
-5 -43 -0.0120411 -0.2603
-5 -41 -0.0393584 -0.357557
-5 -39 -0.0353342 -0.193809
-5 -37 -0.0315651 -0.422928
-5 -35 -0.0631853 -0.527524
-5 -33 -0.0703092 -0.506027
-5 -31 -0.0682064 -0.475564
-5 -29 -0.0673919 -0.47039
-5 -27 -0.0750156 -0.494103
-5 -25 -0.0874784 -0.550774
-5 -23 -0.0953117 -0.577523
-5 -21 -0.0965616 -0.562211
-5 -19 -0.0929465 -0.524549
-5 -17 -0.0857115 -0.47457
-5 -15 -0.078702 -0.414197
-5 -13 -0.0681778 -0.348732
-5 -11 -0.0585765 -0.278805
-5 -9 -0.04497 -0.20252
-5 -7 -0.0304186 -0.129458
-5 -5 -0.0174317 -0.0756812
-5 -3 -0.00886581 -0.0407084
-5 -1 -0.00500068 -0.0133639
-5 1 -0.00463903 0.0134649
-5 3 -0.00909905 0.0412194
-5 5 -0.0177978 0.0758399
-5 7 -0.0301503 0.128441
-5 9 -0.0454823 0.202111
-5 11 -0.0578763 0.277221
-5 13 -0.0681163 0.347502
-5 15 -0.077784 0.412548
-5 17 -0.0860599 0.472155
-5 19 -0.0930695 0.525338
-5 21 -0.0972837 0.567754
-5 23 -0.0962419 0.574911
-5 25 -0.0881892 0.552182
-5 27 -0.0763835 0.499616
-5 29 -0.0690798 0.469168
-5 31 -0.0670578 0.474894
-5 33 -0.071144 0.507741
-5 35 -0.0735177 0.502659
-5 37 -0.0510089 0.392408
-5 39 -0.0751732 0.311053
-5 41 -0.0575161 0.214465
-5 43 0.000818792 0.246937
-5 45 -0.0390818 0.133026
-5 47 -0.0483795 0.454054
-5 49 0.0175213 0.283387
-5 51 -0.035571 0.218516
-5 53 -0.0209601 0.149829
-5 55 -0.165656 0.234706
-5 57 -0.0878685 0.0689383
-5 59 0.0111519 0.432194
-3 -59 0 0
-3 -57 0.0371385 0.016988
-3 -55 0.0593653 -0.15674
-3 -53 -0.0192827 -0.285444
-3 -51 0.0314577 -0.156887
-3 -49 -0.0202364 -0.160683
-3 -47 -0.0670696 -0.330835
-3 -45 -0.021257 -0.168093
-3 -43 -0.0494067 -0.2918
-3 -41 -0.0034756 -0.157459
-3 -39 -0.0431613 -0.209439
-3 -37 -0.0160784 -0.294341
-3 -35 -0.0452632 -0.540557
-3 -33 -0.0402926 -0.482099
-3 -31 -0.0341818 -0.462041
-3 -29 -0.0329051 -0.468796
-3 -27 -0.0344787 -0.484733
-3 -25 -0.0394238 -0.539528
-3 -23 -0.0396313 -0.568394
-3 -21 -0.0376158 -0.560962
-3 -19 -0.0319372 -0.517595
-3 -17 -0.0239968 -0.464319
-3 -15 -0.0167558 -0.408333
-3 -13 -0.00542342 -0.343862
-3 -11 0.00392569 -0.276154
-3 -9 0.0135782 -0.203384
-3 -7 0.0217919 -0.132573
-3 -5 0.0304249 -0.0782333
-3 -3 0.0383683 -0.0428397
-3 -1 0.0444823 -0.0143971
-3 1 0.0442604 0.0141222
-3 3 0.038115 0.042792
-3 5 0.0305861 0.0789922
-3 7 0.0227089 0.132314
-3 9 0.0132565 0.203607
-3 11 0.00411971 0.276293
-3 13 -0.00537991 0.342634
-3 15 -0.0155645 0.405402
-3 17 -0.0249606 0.467256
-3 19 -0.0322123 0.518036
-3 21 -0.0366879 0.5541
-3 23 -0.0425682 0.562882
-3 25 -0.0391907 0.544516
-3 27 -0.0365765 0.495218
-3 29 -0.0333199 0.465385
-3 31 -0.0336842 0.473902
-3 33 -0.0327219 0.516005
-3 35 -0.0414376 0.46537
-3 37 -0.0114089 0.360643
-3 39 -0.0246733 0.325005
-3 41 0.0261865 0.270924
-3 43 -0.0295066 0.276099
-3 45 0.00417862 0.130842
-3 47 -0.0152175 0.171815
-3 49 -0.0650418 0.407377
-3 51 -0.249354 0.390629
-3 53 -0.0153066 0.432403
-3 55 -0.0145426 0.181081
-3 57 0.12271 0.667053
-3 59 0.193884 0.342716
-1 -59 0.0476203 -0.30571
-1 -57 0.0525361 -0.548089
-1 -55 0.047658 -0.305155
-1 -53 0.128736 -0.538714
-1 -51 0.0164984 -0.108582
-1 -49 0.00357991 -0.345499
-1 -47 -0.0408896 -0.071044
-1 -45 0.0263219 -0.164683
-1 -43 0.0192697 -0.297534
-1 -41 0.0567599 -0.363349
-1 -39 0.00426451 -0.311615
-1 -37 0.00580223 -0.30868
-1 -35 -0.00143627 -0.55838
-1 -33 -0.00130224 -0.502717
-1 -31 -0.000808842 -0.471124
-1 -29 0.00113172 -0.461003
-1 -27 0.00365457 -0.486888
-1 -25 0.00811581 -0.528817
-1 -23 0.0129048 -0.54811
-1 -21 0.0197349 -0.538157
-1 -19 0.0265063 -0.50095
-1 -17 0.0348623 -0.454569
-1 -15 0.0433633 -0.400464
-1 -13 0.0523715 -0.339639
-1 -11 0.0634184 -0.275784
-1 -9 0.0707088 -0.21183
-1 -7 0.0796011 -0.14695
-1 -5 0.0863704 -0.09267
-1 -3 0.0959698 -0.0541429
-1 -1 0.101581 -0.0185012
-1 1 0.101945 0.0190648
-1 3 0.0957184 0.0539478
-1 5 0.0873627 0.0926582
-1 7 0.0787019 0.146947
-1 9 0.0715585 0.211221
-1 11 0.0626577 0.27717
-1 13 0.0527186 0.340775
-1 15 0.0444791 0.399494
-1 17 0.0340617 0.457062
-1 19 0.0272314 0.504904
-1 21 0.0192333 0.5386
-1 23 0.0136099 0.559535
-1 25 0.00797071 0.537503
-1 27 0.00455644 0.500074
-1 29 0.0010777 0.46508
-1 31 -0.000343792 0.479506
-1 33 -0.00312998 0.493296
-1 35 -0.00262145 0.520957
-1 37 -0.0388181 0.352443
-1 39 -0.0286441 0.118017
-1 41 -0.00923428 0.204732
-1 43 0.0249646 0.400301
-1 45 0.0206253 0.483104
-1 47 -0.00803116 0.127454
-1 49 0.0358851 0.251272
-1 51 0.0414346 0.249637
-1 53 -0.00428517 0.0616432
-1 55 0.0254059 0.122185
-1 57 0.0674814 0.214555
-1 59 -0.0777247 0.506803
1 -59 0 0
1 -57 -0.025639 -0.0476589
1 -55 0.0236061 -0.254928
1 -53 0.00877387 -0.503863
1 -51 0.104905 -0.493325
1 -49 0.0205588 -0.299418
1 -47 0.124358 -0.324507
1 -45 -0.0799223 -0.301301
1 -43 -0.0182617 -0.188503
1 -41 -0.0645023 -0.174188
1 -39 0.0372701 -0.237773
1 -37 0.0183884 -0.387471
1 -35 0.0391011 -0.545158
1 -33 0.0261461 -0.488289
1 -31 0.0317246 -0.463687
1 -29 0.0329011 -0.44169
1 -27 0.038232 -0.466178
1 -25 0.0501775 -0.5195
1 -23 0.0625746 -0.530361
1 -21 0.0714725 -0.526693
1 -19 0.080415 -0.489977
1 -17 0.0891044 -0.445667
1 -15 0.0975008 -0.391454
1 -13 0.106511 -0.335437
1 -11 0.116128 -0.277224
1 -9 0.125511 -0.216308
1 -7 0.132373 -0.160438
1 -5 0.138069 -0.109115
1 -3 0.142995 -0.0650277
1 -1 0.146285 -0.0223218
1 1 0.147225 0.0212387
1 3 0.145077 0.064102
1 5 0.139053 0.110342
1 7 0.131388 0.16054
1 9 0.124348 0.216722
1 11 0.116458 0.276374
1 13 0.106797 0.33561
1 15 0.0990411 0.394686
1 17 0.0899211 0.446736
1 19 0.0817078 0.495119
1 21 0.0720052 0.523236
1 23 0.0610026 0.525733
1 25 0.0473299 0.490863
1 27 0.0399814 0.464679
1 29 0.0338201 0.45405
1 31 0.0329103 0.455784
1 33 0.0314116 0.479993
1 35 0.0308704 0.504396
1 37 0.0393114 0.238001
1 39 -0.00267493 0.296284
1 41 0.0329737 0.315984
1 43 0.0323208 0.286619
1 45 0.0419386 0.145827
1 47 0.0376812 0.29215
1 49 0.206884 0.496455
1 51 -0.0429102 0.288929
1 53 -0.0236899 0.159098
1 55 -0.0135254 0.294374
1 57 0.0638087 0.441375
1 59 0.0545478 0.195871
3 -59 0.0329417 -0.137748
3 -57 -0.109825 -0.305876
3 -55 0.0236017 -0.267766
3 -53 0.193829 -0.643367
3 -51 0.17028 -0.129063
3 -49 0.0548823 -0.427034
3 -47 0.0698858 -0.286609
3 -45 -0.0172415 -0.34174
3 -43 0.0821291 -0.421178
3 -41 0.0279935 -0.207184
3 -39 -0.00330837 -0.182355
3 -37 0.0422332 -0.369376
3 -35 0.0601629 -0.504764
3 -33 0.0626382 -0.49022
3 -31 0.0640141 -0.457339
3 -29 0.0667393 -0.447182
3 -27 0.0721175 -0.450764
3 -25 0.087452 -0.488236
3 -23 0.103284 -0.503665
3 -21 0.116744 -0.49746
3 -19 0.130174 -0.478334
3 -17 0.139302 -0.438952
3 -15 0.146943 -0.383543
3 -13 0.155509 -0.329691
3 -11 0.163628 -0.274827
3 -9 0.169022 -0.216841
3 -7 0.174308 -0.164623
3 -5 0.177302 -0.11541
3 -3 0.180849 -0.0692897
3 -1 0.18196 -0.0221718
3 1 0.18158 0.0228211
3 3 0.181345 0.0695414
3 5 0.177565 0.115714
3 7 0.174885 0.166897
3 9 0.167113 0.218405
3 11 0.161961 0.273787
3 13 0.154476 0.328753
3 15 0.148838 0.387155
3 17 0.139733 0.432921
3 19 0.129129 0.473504
3 21 0.117987 0.500813
3 23 0.102862 0.502426
3 25 0.0866637 0.483263
3 27 0.0732808 0.44991
3 29 0.0678637 0.44991
3 31 0.0630551 0.455211
3 33 0.065665 0.50961
3 35 0.0692654 0.48941
3 37 0.0269662 0.356264
3 39 0.00861314 0.189561
3 41 0.0608605 0.26019
3 43 0.00625313 0.274806
3 45 -0.0116959 0.479528
3 47 0.0816538 0.709582
3 49 -0.0196116 0.221921
3 51 0.0413911 0.520397
3 53 0 0
3 55 0.0115646 0.217343
3 57 0 0
3 59 0.0171275 0.119589
5 -59 0.0941707 -0.0552653
5 -57 -0.0490242 -0.335212
5 -55 -0.188307 -0.146124
5 -53 0.0521662 -0.602197
5 -51 -0.0256874 -0.211658
5 -49 0.0702356 -0.08512
5 -47 0.0546879 -0.0667531
5 -45 0.0103034 -0.192242
5 -43 -0.0130013 -0.505096
5 -41 0.0524502 -0.338352
5 -39 0.0524861 -0.276491
5 -37 0.0239777 -0.251196
5 -35 0.0886226 -0.46208
5 -33 0.0945117 -0.506588
5 -31 0.0908675 -0.450556
5 -29 0.0952031 -0.43266
5 -27 0.10482 -0.431645
5 -25 0.118245 -0.448998
5 -23 0.138464 -0.467327
5 -21 0.158654 -0.476985
5 -19 0.171481 -0.451773
5 -17 0.184416 -0.421194
5 -15 0.18783 -0.369346
5 -13 0.198791 -0.322062
5 -11 0.201528 -0.269089
5 -9 0.207297 -0.217593
5 -7 0.2093 -0.164563
5 -5 0.211822 -0.116846
5 -3 0.212298 -0.0698847
5 -1 0.214357 -0.0217918
5 1 0.210811 0.02296
5 3 0.214026 0.069176
5 5 0.213602 0.116861
5 7 0.209897 0.167176
5 9 0.206251 0.217002
5 11 0.205229 0.271397
5 13 0.198696 0.324962
5 15 0.192159 0.372243
5 17 0.185243 0.42299
5 19 0.171413 0.453746
5 21 0.156856 0.475113
5 23 0.137363 0.463765
5 25 0.118739 0.44822
5 27 0.104276 0.436124
5 29 0.0962158 0.429988
5 31 0.0912323 0.445146
5 33 0.096955 0.505915
5 35 0.0819477 0.462114
5 37 0.0421301 0.229062
5 39 0.0656508 0.208693
5 41 -0.0102037 0.247177
5 43 0.0673556 0.192985
5 45 -0.0122732 0.0624841
5 47 -0.020325 0.190936
5 49 0.0153825 0.310451
5 51 0.0545246 0.236061
5 53 0.00752842 0.395291
5 55 0.121747 0.494712
5 57 0 0
5 59 0.174017 0.396745
7 -59 0.0762596 -0.199795
7 -57 -0.117075 -0.451833
7 -55 -0.0906193 -0.10031
7 -53 0.0140319 -0.437898
7 -51 0.0938029 -0.14068
7 -49 0.11648 -0.46295
7 -47 0.119421 -0.521792
7 -45 0.0925562 -0.211566
7 -43 0.0923207 -0.403257
7 -41 0.0569974 -0.248433
7 -39 0.054186 -0.310559
7 -37 0.0692027 -0.176727
7 -35 0.121281 -0.467133
7 -33 0.132307 -0.520205
7 -31 0.12486 -0.450126
7 -29 0.119728 -0.407045
7 -27 0.130233 -0.409339
7 -25 0.14536 -0.418508
7 -23 0.16916 -0.439918
7 -21 0.188454 -0.439957
7 -19 0.206617 -0.428566
7 -17 0.222935 -0.403646
7 -15 0.230319 -0.360097
7 -13 0.239257 -0.31608
7 -11 0.241885 -0.266971
7 -9 0.24598 -0.215847
7 -7 0.244632 -0.165801
7 -5 0.246023 -0.116341
7 -3 0.246509 -0.0683449
7 -1 0.245423 -0.0219796
7 1 0.244761 0.023329
7 3 0.245698 0.0703084
7 5 0.247891 0.116839
7 7 0.245365 0.163809
7 9 0.243486 0.215165
7 11 0.243654 0.268554
7 13 0.237531 0.315726
7 15 0.231926 0.364099
7 17 0.223014 0.403908
7 19 0.211006 0.43518
7 21 0.192411 0.448475
7 23 0.169505 0.442428
7 25 0.144735 0.418827
7 27 0.13291 0.41374
7 29 0.125878 0.429613
7 31 0.123972 0.459735
7 33 0.133056 0.497672
7 35 0.105884 0.432932
7 37 0.00392768 0.254503
7 39 0.0154544 0.05848
7 41 0.00701969 0.184291
7 43 0.159512 0.40127
7 45 0.0820006 0.175825
7 47 -0.00604433 0.33962
7 49 0.0576907 0.275037
7 51 0.056955 0.518416
7 53 0.0401493 0.352524
7 55 0.0100014 0.139671
7 57 0.00167657 0.0317928
7 59 0.113715 0.19029
9 -59 0.142214 -0.0834813
9 -57 0.00943775 -0.197189
9 -55 0.143676 -0.577122
9 -53 0.0641398 -0.28384
9 -51 0.0804514 -0.0750762
9 -49 0.0272362 -0.136114
9 -47 0.0693762 -0.279614
9 -45 0.0783774 -0.160111
9 -43 0.0104394 -0.37593
9 -41 0.0628914 -0.0198909
9 -39 0.0567062 -0.0991885
9 -37 0.0251306 -0.301625
9 -35 0.0843079 -0.319196
9 -33 0.163049 -0.516196
9 -31 0.1551 -0.459325
9 -29 0.158771 -0.430505
9 -27 0.157216 -0.398894
9 -25 0.169248 -0.394952
9 -23 0.19168 -0.405561
9 -21 0.21268 -0.405658
9 -19 0.233734 -0.398134
9 -17 0.254568 -0.382093
9 -15 0.267474 -0.348158
9 -13 0.272779 -0.305315
9 -11 0.278095 -0.261182
9 -9 0.279867 -0.211955
9 -7 0.280343 -0.164638
9 -5 0.280103 -0.115468
9 -3 0.282893 -0.0691827
9 -1 0.280997 -0.0231232
9 1 0.277894 0.0223249
9 3 0.280926 0.0680308
9 5 0.280896 0.116064
9 7 0.277897 0.162923
9 9 0.280079 0.209678
9 11 0.27567 0.258177
9 13 0.272788 0.304674
9 15 0.264934 0.346598
9 17 0.253851 0.383966
9 19 0.234055 0.399699
9 21 0.214825 0.408618
9 23 0.19375 0.409147
9 25 0.170382 0.396528
9 27 0.156178 0.395232
9 29 0.15336 0.415219
9 31 0.156278 0.45902
9 33 0.161984 0.509893
9 35 0.124153 0.511977
9 37 0.0224964 0.153261
9 39 0.189054 0.055531
9 41 0.0335216 0.114564
9 43 0.0726234 0.272844
9 45 -0.0290132 0.377793
9 47 0.0609076 0.654982
9 49 0.0297655 0.266369
9 51 -0.0283195 0.1496
9 53 0.143007 0.293717
9 55 0.0957523 0.260015
9 57 0.036883 0.194541
9 59 0.0641786 0.527755
11 -59 0 0
11 -57 0.0692269 -0.21362
11 -55 0 0
11 -53 0.0472258 -0.127861
11 -51 0.0558423 -0.44247
11 -49 0.12068 -0.416616
11 -47 0.116347 -0.411404
11 -45 0.00342505 -0.265019
11 -43 0.105828 -0.266297
11 -41 0.106822 -0.138853
11 -39 0.0419681 -0.205087
11 -37 0.129332 -0.210572
11 -35 0.100374 -0.30788
11 -33 0.189167 -0.486533
11 -31 0.180705 -0.434101
11 -29 0.185616 -0.417696
11 -27 0.182818 -0.38472
11 -25 0.191766 -0.375203
11 -23 0.20983 -0.377212
11 -21 0.231345 -0.374971
11 -19 0.260838 -0.377787
11 -17 0.277768 -0.356335
11 -15 0.293413 -0.331574
11 -13 0.305344 -0.294636
11 -11 0.31312 -0.254057
11 -9 0.314588 -0.209397
11 -7 0.316052 -0.160868
11 -5 0.321922 -0.116758
11 -3 0.321152 -0.0694527
11 -1 0.317278 -0.0241954
11 1 0.316424 0.0242263
11 3 0.317624 0.0694192
11 5 0.317917 0.11473
11 7 0.31494 0.161495
11 9 0.318359 0.209728
11 11 0.313292 0.25325
11 13 0.300989 0.291501
11 15 0.295125 0.333991
11 17 0.278481 0.356496
11 19 0.258056 0.375002
11 21 0.234576 0.380144
11 23 0.209388 0.373224
11 25 0.19008 0.371995
11 27 0.177901 0.376454
11 29 0.185289 0.416627
11 31 0.184226 0.443702
11 33 0.155397 0.40469
11 35 0.17293 0.431318
11 37 0.0789181 0.299087
11 39 0.0901707 0.268347
11 41 0.0778245 0.112694
11 43 0.0579673 0.159907
11 45 0.0569508 0.0754427
11 47 -0.0532062 0.156045
11 49 -0.00624734 0.256427
11 51 0.0183836 0.139506
11 53 -0.0544032 -0.0166579
11 55 -0.0371547 0.0140519
11 57 -0.081007 0.0334149
11 59 0 0
13 -59 -0.0491549 -0.266382
13 -57 0.16931 -0.217392
13 -55 -0.043823 -0.328086
13 -53 0.113939 -0.308662
13 -51 0 0
13 -49 -0.035304 -0.152917
13 -47 0.0558718 -0.326221
13 -45 0.169378 -0.252508
13 -43 0.103805 -0.183917
13 -41 0.1092 -0.210766
13 -39 0.144521 -0.231302
13 -37 0.0438774 -0.176383
13 -35 0.0562104 -0.26316
13 -33 0.189766 -0.501601
13 -31 0.236137 -0.486576
13 -29 0.215777 -0.415957
13 -27 0.211574 -0.379554
13 -25 0.206369 -0.345323
13 -23 0.226212 -0.35029
13 -21 0.251836 -0.353848
13 -19 0.266939 -0.336404
13 -17 0.290199 -0.32524
13 -15 0.317143 -0.313434
13 -13 0.330666 -0.280919
13 -11 0.340082 -0.244937
13 -9 0.345403 -0.201785
13 -7 0.347996 -0.158502
13 -5 0.349188 -0.11197
13 -3 0.351722 -0.0678605
13 -1 0.353928 -0.0231003
13 1 0.355815 0.0234684
13 3 0.349714 0.0687836
13 5 0.347617 0.110956
13 7 0.348539 0.158218
13 9 0.342155 0.199165
13 11 0.341001 0.245065
13 13 0.328305 0.279601
13 15 0.310337 0.308817
13 17 0.295769 0.331673
13 19 0.269606 0.340127
13 21 0.245597 0.347839
13 23 0.221416 0.342642
13 25 0.216774 0.362631
13 27 0.208535 0.376915
13 29 0.220666 0.428345
13 31 0.214145 0.446576
13 33 0.14787 0.312923
13 35 0.128784 0.118262
13 37 0.0871581 0.149656
13 39 0.0972592 0.240476
13 41 0.0531906 0.121277
13 43 0.0320896 0.269977
13 45 0.0218157 0.317222
13 47 0.0375401 0.159427
13 49 0.13694 0.247069
13 51 0.163656 0.453186
13 53 0.153884 0.29244
13 55 0.0062129 0.116916
13 57 0.080496 0.536227
13 59 0.0586296 0.278077
15 -59 -0.0602482 -0.206004
15 -57 0.0117725 -0.052553
15 -55 -0.0257182 -0.0934419
15 -53 0.0326704 -0.113278
15 -51 0.248063 -0.752248
15 -49 0.151544 -0.329592
15 -47 0.034355 0.0825537
15 -45 0.0977936 -0.1619
15 -43 0.119038 -0.192904
15 -41 0.136693 -0.212143
15 -39 0.143125 -0.444221
15 -37 0.0675041 -0.105411
15 -35 0.258787 -0.417225
15 -33 0.188579 -0.341371
15 -31 0.23531 -0.416119
15 -29 0.252883 -0.421005
15 -27 0.240969 -0.377528
15 -25 0.238049 -0.351291
15 -23 0.245943 -0.330448
15 -21 0.260165 -0.323005
15 -19 0.275579 -0.30833
15 -17 0.304424 -0.305359
15 -15 0.320943 -0.280507
15 -13 0.342446 -0.258136
15 -11 0.36678 -0.23168
15 -9 0.367842 -0.190984
15 -7 0.377625 -0.154364
15 -5 0.381851 -0.111103
15 -3 0.387078 -0.0663731
15 -1 0.392738 -0.023564
15 1 0.388102 0.0211973
15 3 0.379015 0.0655171
15 5 0.380634 0.108476
15 7 0.380483 0.155484
15 9 0.367022 0.190955
15 11 0.358234 0.228178
15 13 0.348648 0.261254
15 15 0.32704 0.285734
15 17 0.298799 0.297018
15 19 0.275558 0.309648
15 21 0.260206 0.321348
15 23 0.237464 0.321499
15 25 0.235115 0.347214
15 27 0.242651 0.38267
15 29 0.251964 0.421425
15 31 0.260813 0.45101
15 33 0.0918101 0.20372
15 35 0.117173 0.173611
15 37 0.204916 0.240349
15 39 0.0509948 0.0951931
15 41 0.0437264 0.152385
15 43 0.100751 0.298703
15 45 0.0760186 0.259755
15 47 0.117045 0.118531
15 49 0.0218217 0.108184
15 51 0.0377359 0.390317
15 53 0.0736785 0.279917
15 55 0.0714502 0.224506
15 57 0.248894 0.337374
15 59 0 0
17 -59 0.0296166 -0.256866
17 -57 0.0282761 -0.104632
17 -55 0 0
17 -53 0 0
17 -51 0.0163576 -0.0730325
17 -49 -0.042509 0.0297275
17 -47 -0.00576509 -0.165732
17 -45 0.165323 -0.364498
17 -43 0.0612927 -0.0864179
17 -41 0.207074 -0.309486
17 -39 0.0839957 -0.145983
17 -37 0.0433989 -0.186439
17 -35 0.0821366 -0.190772
17 -33 0.0560722 -0.149539
17 -31 0.21862 -0.344091
17 -29 0.267723 -0.398134
17 -27 0.276195 -0.381776
17 -25 0.269656 -0.348166
17 -23 0.267573 -0.321802
17 -21 0.276593 -0.305561
17 -19 0.287184 -0.285868
17 -17 0.302894 -0.269547
17 -15 0.325729 -0.256486
17 -13 0.349634 -0.238783
17 -11 0.370659 -0.21222
17 -9 0.385638 -0.183408
17 -7 0.397892 -0.144778
17 -5 0.400739 -0.103288
17 -3 0.402526 -0.0632842
17 -1 0.40777 -0.0204077
17 1 0.405396 0.0218122
17 3 0.407593 0.0630327
17 5 0.405792 0.10647
17 7 0.393235 0.141824
17 9 0.381158 0.179048
17 11 0.369513 0.212284
17 13 0.344196 0.233523
17 15 0.331566 0.260778
17 17 0.31179 0.27724
17 19 0.289324 0.288946
17 21 0.267984 0.29858
17 23 0.268471 0.322894
17 25 0.267634 0.349077
17 27 0.284681 0.397527
17 29 0.296895 0.435904
17 31 0.208198 0.349546
17 33 0.12241 0.19969
17 35 0.168786 0.24234
17 37 0.162625 0.344867
17 39 0.180564 0.245387
17 41 0.211459 0.375691
17 43 0.118776 0.123463
17 45 0.0443704 0.255601
17 47 -0.0666519 0.108376
17 49 -0.032742 0.22283
17 51 -0.0642288 0.201219
17 53 0 0
17 55 0.0481435 0.276252
17 57 0.119819 0.21601
17 59 0.112881 0.173356
19 -59 0 0
19 -57 -0.145059 0.0794606
19 -55 0.102515 -0.299931
19 -53 0.0338846 -0.0874093
19 -51 0.134352 -0.209342
19 -49 0.0179343 -0.0851023
19 -47 0.216369 -0.238398
19 -45 0.0032811 -0.11354
19 -43 0.128509 -0.243463
19 -41 0.177244 -0.303559
19 -39 0.0784017 -0.221119
19 -37 0.102412 -0.261627
19 -35 0.196673 -0.286919
19 -33 0.148891 -0.263311
19 -31 0.110466 -0.219806
19 -29 0.298551 -0.39053
19 -27 0.310504 -0.388224
19 -25 0.305172 -0.355317
19 -23 0.303234 -0.325153
19 -21 0.282921 -0.279453
19 -19 0.299554 -0.269049
19 -17 0.304818 -0.245571
19 -15 0.324013 -0.230483
19 -13 0.328518 -0.203468
19 -11 0.368812 -0.192224
19 -9 0.384296 -0.16445
19 -7 0.406788 -0.13476
19 -5 0.408009 -0.0970348
19 -3 0.413382 -0.0598774
19 -1 0.418487 -0.0192944
19 1 0.418722 0.0197898
19 3 0.416399 0.0583067
19 5 0.406448 0.0942744
19 7 0.390762 0.128849
19 9 0.384646 0.164073
19 11 0.362422 0.188505
19 13 0.341054 0.212215
19 15 0.323982 0.232589
19 17 0.31049 0.251341
19 19 0.2994 0.27009
19 21 0.293305 0.291991
19 23 0.300992 0.326333
19 25 0.306226 0.356321
19 27 0.299879 0.362554
19 29 0.210785 0.330775
19 31 0.040802 0.153045
19 33 0.0843064 0.218236
19 35 0.109983 0.19892
19 37 0.174671 0.251055
19 39 0.15724 0.218913
19 41 0.0818981 0.182583
19 43 0 0
19 45 -0.0145913 0.159555
19 47 0.0703183 0.151343
19 49 0.121435 0.308541
19 51 0.121851 0.012797
19 53 0.00288288 0.0331215
19 55 0.297412 0.33352
19 57 0.10567 0.281836
19 59 0.17673 0.410386
21 -59 0.134036 -0.37942
21 -57 0.199772 -0.562993
21 -55 0 0
21 -53 0.101722 -0.125577
21 -51 0.0779999 -0.0948635
21 -49 0.040363 -0.102955
21 -47 0.154961 -0.47256
21 -45 -0.0367676 -0.19342
21 -43 0.106228 -0.213923
21 -41 0.0964072 -0.266358
21 -39 0.137151 -0.254354
21 -37 0.111666 -0.0619405
21 -35 0.041475 -0.160196
21 -33 0.197592 -0.266922
21 -31 0.10107 -0.17285
21 -29 0.134358 -0.227746
21 -27 0.340707 -0.393771
21 -25 0.338826 -0.347704
21 -23 0.335139 -0.321178
21 -21 0.323672 -0.28627
21 -19 0.328151 -0.267027
21 -17 0.325458 -0.238481
21 -15 0.329594 -0.213578
21 -13 0.34373 -0.194999
21 -11 0.354937 -0.169262
21 -9 0.365618 -0.143638
21 -7 0.38483 -0.116368
21 -5 0.393222 -0.0840754
21 -3 0.401564 -0.0532845
21 -1 0.402268 -0.0167413
21 1 0.403187 0.0168386
21 3 0.406634 0.0536816
21 5 0.394083 0.0853694
21 7 0.399671 0.121794
21 9 0.361097 0.140561
21 11 0.362096 0.171836
21 13 0.346586 0.194833
21 15 0.329995 0.213785
21 17 0.31948 0.233849
21 19 0.321487 0.263904
21 21 0.317846 0.285637
21 23 0.334559 0.324593
21 25 0.337342 0.356162
21 27 0.28063 0.325112
21 29 0.160958 0.200044
21 31 0.11092 0.231298
21 33 0.119486 0.212167
21 35 0.0258482 0.245122
21 37 0.140895 0.117752
21 39 0 0
21 41 0.0807065 0.19767
21 43 0.20164 0.269653
21 45 0.229745 0.490135
21 47 0.0377581 0.0727982
21 49 0.100664 0.19485
21 51 0.196981 0.330704
21 53 0.124988 0.204208
21 55 0.0603907 0.0737375
21 57 0.0600061 0.270124
21 59 0.162095 0.391604
23 -59 0.0185853 -0.101509
23 -57 0.171769 -0.237621
23 -55 0 0
23 -53 0.0945993 -0.0979691
23 -51 0.134826 -0.112901
23 -49 0.196616 -0.359088
23 -47 0.00231856 -0.0681343
23 -45 0.177985 -0.256239
23 -43 0.0332791 -0.0330349
23 -41 0.147024 0.000368865
23 -39 0.154958 -0.249093
23 -37 0.134572 -0.202503
23 -35 0.0453715 -0.198814
23 -33 0.199525 -0.270876
23 -31 0.067161 -0.0581019
23 -29 0.131331 -0.193901
23 -27 0.174791 -0.243168
23 -25 0.329329 -0.334779
23 -23 0.366 -0.320646
23 -21 0.37178 -0.299801
23 -19 0.362434 -0.267304
23 -17 0.352321 -0.236171
23 -15 0.355436 -0.210618
23 -13 0.36132 -0.185467
23 -11 0.35989 -0.156041
23 -9 0.374374 -0.132581
23 -7 0.369045 -0.103837
23 -5 0.38064 -0.0756929
23 -3 0.392083 -0.0476667
23 -1 0.404006 -0.0162227
23 1 0.386353 0.0148445
23 3 0.391435 0.0451809
23 5 0.378612 0.0755566
23 7 0.367135 0.102504
23 9 0.373656 0.132615
23 11 0.351919 0.15348
23 13 0.353601 0.181361
23 15 0.34855 0.2027
23 17 0.352874 0.232692
23 19 0.356326 0.263144
23 21 0.360098 0.291114
23 23 0.381836 0.33901
23 25 0.354056 0.344813
23 27 0.176046 0.182867
23 29 0.128653 0.239496
23 31 0.245905 0.310204
23 33 0.19612 0.321602
23 35 0.0994353 0.186556
23 37 0.326529 0.077717
23 39 0.166776 0.294634
23 41 0.063046 0.100235
23 43 0.0751774 0.285995
23 45 0.0851174 0.116113
23 47 -0.0861944 0.109871
23 49 0.139219 0.00431044
23 51 0.216608 0.170144
23 53 0.0458532 0.175996
23 55 0 0
23 57 0.122965 0.343496
23 59 0.131622 0.338046
25 -59 0.0730873 -0.0735431
25 -57 -0.0864485 -0.172459
25 -55 0 0
25 -53 0 0
25 -51 0.275387 -0.464659
25 -49 0.144695 -0.295799
25 -47 0.148888 -0.305665
25 -45 -0.0524223 -0.26439
25 -43 -0.0172947 -0.0984679
25 -41 0.236241 -0.298861
25 -39 -0.0368321 -0.121184
25 -37 0.323186 -0.436313
25 -35 0.262569 -0.349636
25 -33 0.141179 -0.190602
25 -31 0.000641545 -0.0775619
25 -29 0.173886 -0.251936
25 -27 0.130045 -0.142433
25 -25 0.229057 -0.232663
25 -23 0.394362 -0.324645
25 -21 0.410839 -0.321034
25 -19 0.392433 -0.268125
25 -17 0.401924 -0.243524
25 -15 0.383123 -0.207757
25 -13 0.379211 -0.176568
25 -11 0.378832 -0.151162
25 -9 0.377487 -0.12578
25 -7 0.381355 -0.0961615
25 -5 0.37926 -0.0704382
25 -3 0.382789 -0.0417808
25 -1 0.393527 -0.0127134
25 1 0.388587 0.0151637
25 3 0.386496 0.0423508
25 5 0.379822 0.069499
25 7 0.384546 0.0983328
25 9 0.372154 0.122436
25 11 0.378602 0.152375
25 13 0.380866 0.175276
25 15 0.388872 0.208214
25 17 0.392074 0.236649
25 19 0.395314 0.272372
25 21 0.398873 0.291415
25 23 0.386846 0.347954
25 25 0.202168 0.202319
25 27 0.14219 0.133023
25 29 0.125584 0.123761
25 31 0.173525 0.18909
25 33 0.110359 0.120458
25 35 0.120638 0.23963
25 37 0.0883603 0.182514
25 39 0.120727 -0.0596707
25 41 0.10986 0.213805
25 43 0.200913 0.166897
25 45 0.0167342 -0.0343434
25 47 0.157783 0.158008
25 49 0.169749 0.297898
25 51 0.0284001 -0.0594719
25 53 0.103685 0.157686
25 55 0 0
25 57 -0.00983582 0.030793
25 59 -0.0776371 0.0614409
27 -59 0.207737 -0.154067
27 -57 0.158515 -0.420804
27 -55 -0.0329863 -0.111041
27 -53 0.0908885 -0.161409
27 -51 -0.0402486 -0.156976
27 -49 0.160453 -0.264215
27 -47 0.0168861 -0.219901
27 -45 0.0537349 -0.0855404
27 -43 -0.100115 0.0956107
27 -41 0.0600173 -0.176679
27 -39 0.10997 -0.211675
27 -37 0.0707551 -0.0531295
27 -35 0.121207 -0.100709
27 -33 0.420765 -0.48874
27 -31 0.14551 -0.140874
27 -29 0.124013 -0.113801
27 -27 0.13775 -0.0854115
27 -25 0.21562 -0.107272
27 -23 0.257769 -0.176393
27 -21 0.372139 -0.274685
27 -19 0.410443 -0.251477
27 -17 0.426568 -0.244659
27 -15 0.432059 -0.217193
27 -13 0.426965 -0.185848
27 -11 0.419848 -0.153432
27 -9 0.42069 -0.128384
27 -7 0.412036 -0.0980851
27 -5 0.412118 -0.0689434
27 -3 0.408805 -0.0425845
27 -1 0.41516 -0.0131244
27 1 0.404664 0.012573
27 3 0.407245 0.040898
27 5 0.406516 0.0690557
27 7 0.415023 0.0985063
27 9 0.40922 0.123556
27 11 0.411049 0.151797
27 13 0.412867 0.176805
27 15 0.422577 0.206465
27 17 0.433861 0.243995
27 19 0.372318 0.238491
27 21 0.302144 0.185571
27 23 0.146287 0.129971
27 25 0.13623 0.129838
27 27 0.149973 0.0860831
27 29 0.177229 0.156597
27 31 0.0545414 0.069688
27 33 0.167615 0.149524
27 35 0.258045 0.277153
27 37 0.10909 0.134601
27 39 0.123261 0.238025
27 41 0.0773054 0.178505
27 43 0 0
27 45 0.192439 0.282673
27 47 0.20885 0.184549
27 49 -0.0787992 0.0579662
27 51 -0.0904466 0.0505927
27 53 0 0
27 55 0.312843 0.643874
27 57 0 0
27 59 0 0
29 -59 -0.0865021 -0.18386
29 -57 0.0808362 -0.188917
29 -55 0.122895 -0.389457
29 -53 0.131413 -0.171594
29 -51 0.0959252 -0.258934
29 -49 0.0967805 -0.0696315
29 -47 0.141501 -0.330479
29 -45 0 0
29 -43 0 0
29 -41 0.0979479 -0.156633
29 -39 0.172079 -0.290466
29 -37 0.506571 -0.526195
29 -35 0.0346512 -0.144595
29 -33 0.136991 -0.116299
29 -31 0.182969 -0.220505
29 -29 0.152149 -0.168185
29 -27 0.150395 -0.14413
29 -25 0.252333 -0.219461
29 -23 0.118465 -0.148082
29 -21 0.168994 -0.0311786
29 -19 0.324131 -0.179163
29 -17 0.397181 -0.192139
29 -15 0.393318 -0.188091
29 -13 0.447101 -0.177525
29 -11 0.470559 -0.157041
29 -9 0.473654 -0.132368
29 -7 0.450642 -0.10122
29 -5 0.455028 -0.0696039
29 -3 0.444964 -0.04037
29 -1 0.453766 -0.0109609
29 1 0.446189 0.014933
29 3 0.457083 0.0421128
29 5 0.451402 0.0707948
29 7 0.460128 0.100061
29 9 0.453553 0.125525
29 11 0.469757 0.157444
29 13 0.461079 0.182021
29 15 0.450554 0.21593
29 17 0.368485 0.167134
29 19 0.306751 0.20343
29 21 0.414331 0.311483
29 23 0.191429 0.125789
29 25 0.270083 0.301204
29 27 0.180789 0.173689
29 29 0.0578473 0.0749472
29 31 0.166411 0.262705
29 33 0.089162 0.0993163
29 35 0.169148 0.183514
29 37 0.115019 0.164241
29 39 0.145673 0.175876
29 41 0.0317002 0.213497
29 43 0.0231064 0.0364852
29 45 0.181057 0.284286
29 47 -0.00877271 -0.0574587
29 49 0.235342 0.0800636
29 51 0.120599 0.162998
29 53 -0.0475382 -0.00569292
29 55 0.0443486 0.244041
29 57 0.0835509 0.131184
29 59 0.157832 0.131357
31 -59 0.292862 -0.272653
31 -57 0.0157539 -0.079813
31 -55 0.163696 -0.166002
31 -53 0.0792563 -0.258107
31 -51 0.00636766 -0.0132603
31 -49 0.366321 -0.589361
31 -47 0 0
31 -45 0.300463 -0.374123
31 -43 0.168997 -0.191296
31 -41 0.02313 -0.0281487
31 -39 0 0
31 -37 0.084559 -0.0949377
31 -35 0.194572 -0.0868613
31 -33 0.100185 -0.175897
31 -31 0.148381 -0.136768
31 -29 0.174251 -0.174626
31 -27 0.19263 -0.147178
31 -25 0.190109 -0.144414
31 -23 0.199786 -0.0269003
31 -21 0.226558 -0.180966
31 -19 0.138695 -0.067504
31 -17 0.164563 -0.0913209
31 -15 0.355896 -0.108441
31 -13 0.404384 -0.168958
31 -11 0.504467 -0.158428
31 -9 0.470185 -0.117164
31 -7 0.496496 -0.102089
31 -5 0.466209 -0.0717083
31 -3 0.469972 -0.0399767
31 -1 0.462616 -0.0139786
31 1 0.478693 0.0171078
31 3 0.490229 0.0428838
31 5 0.491851 0.0695835
31 7 0.495516 0.092515
31 9 0.490988 0.131208
31 11 0.426974 0.136026
31 13 0.300219 0.114623
31 15 0.303658 0.148649
31 17 0.341151 0.189986
31 19 0.228317 0.108608
31 21 0.171028 0.0922286
31 23 0.124739 0.157158
31 25 0.0594749 0.107402
31 27 0.169346 0.0746641
31 29 0.147522 0.134358
31 31 0.0580564 0.0910836
31 33 0.105766 0.0266717
31 35 0.107903 0.0669027
31 37 0.328136 0.220292
31 39 0.0449928 0.357119
31 41 0.161328 0.187742
31 43 0.15201 0.231614
31 45 0.0533112 0.327881
31 47 0.0755025 0.267964
31 49 0.366909 0.24683
31 51 0.0121972 0.136405
31 53 -0.0601169 0.0635877
31 55 0 0
31 57 0 0
31 59 0.117505 0.149806
33 -59 0.129956 -0.0245055
33 -57 0 0
33 -55 0.206678 -0.310671
33 -53 0.0802129 -0.249178
33 -51 0.146071 -0.200085
33 -49 0.0818568 -0.145941
33 -47 0.00679952 -0.138432
33 -45 0.0422115 -0.121026
33 -43 -0.0135716 -0.00334026
33 -41 0.107691 -0.162389
33 -39 -0.0628089 -0.0735029
33 -37 0.160627 -0.233189
33 -35 0.194214 0.0395587
33 -33 0.3171 -0.167959
33 -31 0.271327 -0.240287
33 -29 -0.00143863 0.00754538
33 -27 0.0701156 -0.102347
33 -25 0.364346 -0.224214
33 -23 0.037159 -0.0806504
33 -21 0.146591 -0.0863891
33 -19 0.142152 -0.075565
33 -17 0.130104 -0.0534767
33 -15 0.281694 -0.04417
33 -13 0.127259 0.0010101
33 -11 0.364944 -0.118353
33 -9 0.273631 -0.0719797
33 -7 0.431145 -0.0943682
33 -5 0.415971 -0.0576754
33 -3 0.389763 -0.0256632
33 -1 0.442065 -0.0136621
33 1 0.493177 0.0101574
33 3 0.456543 0.0368058
33 5 0.387032 0.0659835
33 7 0.318627 0.072554
33 9 0.26298 0.0941016
33 11 0.182668 0.0455928
33 13 0.524495 0.130582
33 15 0.118569 0.0900044
33 17 0.284434 0.160972
33 19 0.260517 0.0381903
33 21 0.227778 0.112725
33 23 0.299301 0.155693
33 25 0.220808 0.12352
33 27 0 0
33 29 0.344694 0.259628
33 31 0.0401703 -0.0624594
33 33 0.0312134 0.0616653
33 35 0.113337 0.121281
33 37 0.285549 0.278209
33 39 0.0989874 0.061535
33 41 0.108511 0.0992958
33 43 0.496252 0.35028
33 45 0.109057 0.117395
33 47 0.104642 0.165926
33 49 0.339782 0.17014
33 51 0.114947 0.0304622
33 53 0.276757 0.16311
33 55 0.207913 0.468002
33 57 0 0
33 59 0 0
35 -59 0.183248 -0.0912604
35 -57 0.327241 -0.239121
35 -55 0 0
35 -53 0 0
35 -51 0 0
35 -49 0 0
35 -47 0.176607 -0.0675661
35 -45 0.20318 -0.297085
35 -43 0.0757823 0.00418564
35 -41 0.137567 -0.164875
35 -39 0.198745 -0.191557
35 -37 0.165647 -0.200789
35 -35 0.231608 -0.140947
35 -33 0.16973 -0.0638461
35 -31 0.191147 -0.16014
35 -29 0.0655177 0.0220265
35 -27 0.193711 -0.156516
35 -25 0.0865964 -0.0933842
35 -23 0.135528 -0.0695787
35 -21 0.123939 -0.184392
35 -19 0.28048 -0.0910324
35 -17 0.255702 -0.0950116
35 -15 0.179585 -0.0507497
35 -13 0.24877 -0.0780927
35 -11 0.169799 0.0140662
35 -9 0.315524 -0.115223
35 -7 0.331089 -0.087812
35 -5 0.163449 -0.0311985
35 -3 0.366818 -0.0478758
35 -1 0.246815 -0.0212441
35 1 0.306904 0.031351
35 3 0.25059 0.0103475
35 5 0.117861 0.0229487
35 7 0.203274 0.0212934
35 9 0.133677 0.00610586
35 11 0.136022 0.0204956
35 13 0.412208 0.130367
35 15 0.129043 0.0494275
35 17 0.177297 0.144405
35 19 0.203822 0.0531024
35 21 0.270434 0.165461
35 23 0.161572 0.040859
35 25 0.312983 0.251647
35 27 0.286101 0.189679
35 29 0.290436 0.150842
35 31 0.00312315 0.116842
35 33 0.153991 0.197414
35 35 0.0684674 0.100984
35 37 0.152741 0.107984
35 39 0.105481 0.0676168
35 41 0.150493 0.154276
35 43 0.321242 0.631488
35 45 0.217039 0.199741
35 47 0 0
35 49 0.0571474 0.170354
35 51 0.0301247 0.160693
35 53 0.269063 0.435311
35 55 0.128666 0.059974
35 57 0 0
35 59 0.24225 0.348334
37 -59 0.0349464 -0.094018
37 -57 0.0660768 -0.198241
37 -55 0 0
37 -53 0.476639 -0.641963
37 -51 0.194686 -0.196776
37 -49 0.101038 -0.106777
37 -47 0 0
37 -45 0.0825795 -0.0732685
37 -43 0.101695 -0.0913123
37 -41 0.287986 -0.0942996
37 -39 0 0
37 -37 0.0828945 -0.0519627
37 -35 0.0518339 -0.182369
37 -33 0.100287 -0.0626083
37 -31 0.070687 -0.0413651
37 -29 0.321509 -0.163366
37 -27 0.119983 -0.00204477
37 -25 0.38192 -0.184552
37 -23 0.0876143 0.0110813
37 -21 0.195049 -0.107973
37 -19 0.201904 -0.0807419
37 -17 0.159965 -0.02141
37 -15 0.196884 -0.116914
37 -13 0.0626702 -0.00628548
37 -11 0.226698 -0.0689727
37 -9 0.200669 -0.0324387
37 -7 0.148242 -0.0416295
37 -5 0.337549 -0.0795573
37 -3 0.259191 -0.0285816
37 -1 0.268357 -0.0167931
37 1 0.18905 -0.0106498
37 3 0.141435 0.0341954
37 5 0.246811 -0.00196403
37 7 0.0738018 -0.00473356
37 9 0.338882 0.0267423
37 11 0.466628 0.201962
37 13 0.307858 0.108383
37 15 0.146779 0.113457
37 17 0.135335 0.0907278
37 19 0 0
37 21 0.112755 0.0508192
37 23 0.161292 0.109686
37 25 0.276226 0.103395
37 27 0.413906 0.288351
37 29 0.245468 0.188897
37 31 0.163246 0.0909952
37 33 0.279864 0.191719
37 35 0.0951779 0.155979
37 37 0.106684 0.119776
37 39 0.113095 0.189078
37 41 -0.0119799 0.063731
37 43 0.181398 0.257034
37 45 0.285737 0.0745358
37 47 0.211241 0.206576
37 49 0.0576844 0.127506
37 51 0.0995984 -0.0118894
37 53 0.208706 0.164015
37 55 0 0
37 57 0.23488 0.320259
37 59 0.193038 0.298469
39 -59 0.334178 -0.513985
39 -57 0.156755 -0.365761
39 -55 0.0479419 -0.114148
39 -53 0 0
39 -51 0 0
39 -49 0.0841387 -0.102922
39 -47 0.0488303 0.00702282
39 -45 0.19843 -0.00845087
39 -43 0.0459521 -0.106909
39 -41 0.123225 -0.121124
39 -39 0.463341 -0.472954
39 -37 0.069139 -0.0381316
39 -35 0.0563959 -0.0339756
39 -33 0.226875 -0.149897
39 -31 0.174649 -0.0332651
39 -29 0.0505487 -0.065118
39 -27 0.239734 -0.190943
39 -25 0.0841392 -0.00783579
39 -23 0.148726 -0.107366
39 -21 0.246155 -0.129237
39 -19 0.112975 0.0469876
39 -17 0.143787 -0.092205
39 -15 0.264328 -0.0362153
39 -13 0.191207 -0.0110206
39 -11 0.14189 0.0741121
39 -9 0.15333 -0.0951378
39 -7 0.0225328 0.00718317
39 -5 0.387181 -0.0844007
39 -3 0.131757 0.0119647
39 -1 0.350049 -0.00664409
39 1 0.218061 -0.0479942
39 3 0.215712 0.0769769
39 5 0.285011 0.0352193
39 7 0.484823 0.0476872
39 9 0.193646 0.0193963
39 11 0.121665 0.029773
39 13 0.276127 0.0667352
39 15 0.151696 -0.0384747
39 17 0.435736 0.0212958
39 19 0.496218 0.173896
39 21 0.221344 0.0818955
39 23 0.310188 -0.0920025
39 25 0.102416 0.0657297
39 27 -0.0334541 0.073524
39 29 0.391251 0.248023
39 31 0 0
39 33 0.113698 0.0997688
39 35 0.171443 0.147822
39 37 0.155259 0.101376
39 39 0.0425866 0.00938297
39 41 0 0
39 43 0.120732 0.113344
39 45 0.0493038 0.181109
39 47 0.293009 0.196172
39 49 0.146808 0.226236
39 51 0 0
39 53 0 0
39 55 0.0410716 0.0840737
39 57 0.283913 0.367116
39 59 0 0
41 -59 0 0
41 -57 0 0
41 -55 0 0
41 -53 0.134999 -0.293034
41 -51 0 0
41 -49 0.0443339 0.0141313
41 -47 0.0186505 -0.0218842
41 -45 0.166604 -0.437485
41 -43 0.0841233 -0.236323
41 -41 0.115324 -0.0969689
41 -39 0.248221 -0.198876
41 -37 0.210024 -0.19262
41 -35 0.174034 -0.119462
41 -33 0.0128632 0.011447
41 -31 0.155082 -0.215508
41 -29 0.256445 -0.0760524
41 -27 0.202951 -0.0170822
41 -25 0.0302436 -0.0163544
41 -23 0.757194 -0.507645
41 -21 0.264945 -0.0952147
41 -19 0.0570182 -0.0185244
41 -17 0.136963 -0.0118951
41 -15 0.109373 -0.117787
41 -13 -0.0386539 -0.0637182
41 -11 0.324845 -0.123878
41 -9 0.0193995 -0.145164
41 -7 0.156153 -0.104557
41 -5 0.177971 -0.0786672
41 -3 0.31532 -0.0114321
41 -1 0.0355838 0.0700569
41 1 -0.0336016 0.0503862
41 3 0.235932 -0.0275219
41 5 0.213253 0.0605124
41 7 0.103218 0.019247
41 9 0.108719 -0.00627543
41 11 0.409302 0.0524999
41 13 0.155856 0.00596506
41 15 0.0243205 0.0469904
41 17 0.1332 0.0178763
41 19 0 0
41 21 0.00698996 -0.0261481
41 23 0.407354 0.230612
41 25 -0.0439602 0.0205042
41 27 -0.00770495 0.0828279
41 29 0.0470156 0.0396245
41 31 0.117399 0.143974
41 33 0 0
41 35 0.0386366 0.0749736
41 37 0 0
41 39 0.0917799 0.0907942
41 41 0.52373 0.275048
41 43 0 0
41 45 0.0256526 0.0692078
41 47 0.279957 0.299581
41 49 0.116748 0.435186
41 51 0.141012 0.105823
41 53 0 0
41 55 0 0
41 57 0.0923059 0.121073
41 59 0.218919 0.0701415
43 -59 0.155014 -0.0768115
43 -57 0 0
43 -55 0.258304 -0.301711
43 -53 0.0828363 -0.038306
43 -51 0 0
43 -49 0 0
43 -47 0.234748 -0.0801854
43 -45 0.0945723 -0.328124
43 -43 0 0
43 -41 0.0846028 -0.132763
43 -39 0.0982793 -0.0268673
43 -37 0.291592 -0.0942348
43 -35 0.441995 -0.287758
43 -33 0.0552237 0.00908423
43 -31 0.127943 -0.119096
43 -29 0.383412 -0.238882
43 -27 0 0
43 -25 0.101326 -0.158439
43 -23 0.111129 -0.124316
43 -21 -0.00372496 0.0922445
43 -19 0.19683 0.0351096
43 -17 0.0542757 4.9971e-05
43 -15 0.110767 -0.0698268
43 -13 0.109588 -0.0488758
43 -11 0.217495 -0.121685
43 -9 0.182787 -0.015518
43 -7 0.243252 -0.00394727
43 -5 0.289617 -0.0724548
43 -3 0.154351 -0.00906195
43 -1 0.153858 -0.0323395
43 1 0.19601 0.00138706
43 3 0.31022 0.0279276
43 5 0.264959 0.0789851
43 7 0.13253 0.0990494
43 9 0.322243 0.106216
43 11 0.110882 -0.0207435
43 13 0.309191 0.031246
43 15 0.263937 -0.00215869
43 17 0.231234 0.0930194
43 19 0.111273 0.0810812
43 21 0.380221 0.317717
43 23 0.293367 0.159403
43 25 0 0
43 27 0.224885 0.148083
43 29 0.264825 0.0266662
43 31 0.183385 0.0134246
43 33 0.0582398 0.140805
43 35 0.208602 0.18111
43 37 0.122584 -0.022572
43 39 0.140273 0.0322237
43 41 0 0
43 43 0.0423363 -0.000747669
43 45 0 0
43 47 0.155089 0.0934696
43 49 -0.00298154 0.114922
43 51 0.0230458 0.0797049
43 53 0 0
43 55 -0.0653836 0.115784
43 57 0 0
43 59 0 0
45 -59 0 0
45 -57 0.199941 -0.164902
45 -55 0.311496 -0.531
45 -53 0.11305 -0.141246
45 -51 0 0
45 -49 0 0
45 -47 0.123695 -0.168053
45 -45 0 0
45 -43 0 0
45 -41 0.0419091 -0.0588925
45 -39 0 0
45 -37 0.339707 -0.314627
45 -35 0.594982 -0.435921
45 -33 0.39356 -0.14732
45 -31 0.197113 -0.137864
45 -29 0.183172 -0.0905427
45 -27 0.154632 0.0498402
45 -25 0.036558 -0.105199
45 -23 0.278616 -0.124738
45 -21 0.30672 -0.151813
45 -19 0.172599 0.107706
45 -17 0.28647 -0.246994
45 -15 0.224596 -0.142697
45 -13 0.0491645 -0.0905559
45 -11 0.161948 -0.0791653
45 -9 0.128374 -0.141499
45 -7 0.153367 0.000226915
45 -5 0.231818 0.0504879
45 -3 0.0452859 -0.00390585
45 -1 0.0621558 0.00228723
45 1 0.363336 -0.0270561
45 3 0.180251 -0.0325437
45 5 0.268802 0.0380061
45 7 0.331936 0.0748536
45 9 0.429853 0.254574
45 11 0.370003 0.171541
45 13 0.0473462 0.0349656
45 15 0.861544 0.271724
45 17 0.272337 0.0722117
45 19 0.256643 -0.0902998
45 21 0.323396 0.0196081
45 23 0.0618692 0.0981043
45 25 0.104144 0.115462
45 27 0.0802518 0.131056
45 29 0.0211839 -0.0389648
45 31 0.130916 0.10721
45 33 0.485954 0.352026
45 35 0.0312879 0.0417839
45 37 0.148707 0.150617
45 39 0.153152 0.188956
45 41 0.0677697 -0.181943
45 43 0.096208 0.161245
45 45 0 0
45 47 0 0
45 49 0.12091 0.329986
45 51 0 0
45 53 0.134656 0.0424426
45 55 0.17353 0.24827
45 57 0 0
45 59 0 0
47 -59 0 0
47 -57 0 0
47 -55 0.0319048 -0.314908
47 -53 0.0976063 -0.145615
47 -51 0.632714 -0.632256
47 -49 0 0
47 -47 -0.0265678 -0.0221849
47 -45 0 0
47 -43 0.236697 -0.144101
47 -41 0.219333 -0.00844918
47 -39 0 0
47 -37 0.167017 -0.0429997
47 -35 0.187784 0.0268751
47 -33 0.0836572 -0.0033536
47 -31 0.196987 -0.136614
47 -29 0.218718 -0.128488
47 -27 0.0561189 -0.0625761
47 -25 0.154563 -0.138291
47 -23 0.0861139 -0.00212556
47 -21 0.54799 -0.142696
47 -19 0.231509 -0.0258955
47 -17 0.131829 -0.0161211
47 -15 0.0321198 -0.00475673
47 -13 0.372486 -0.204345
47 -11 0.206325 -0.0746766
47 -9 0.162108 -0.144138
47 -7 0.0826205 0.0709032
47 -5 0 0
47 -3 0.212617 -0.0196281
47 -1 0.023164 -0.0232194
47 1 0.289098 0.0105086
47 3 0.184223 0.0011411
47 5 0.122154 0.10025
47 7 0.36459 -0.00460016
47 9 0.228762 0.0485305
47 11 0.132458 0.0223678
47 13 0.262608 0.0764
47 15 0.0761097 -0.0645277
47 17 0.23248 0.164584
47 19 0.292325 -0.0260787
47 21 0.203206 0.0762052
47 23 0.313425 0.281155
47 25 0.320019 0.0757774
47 27 -0.0913958 0.0374418
47 29 0 0
47 31 0 0
47 33 0 0
47 35 0.134147 0.223439
47 37 0.11212 0.0771911
47 39 0.0961824 0.063212
47 41 0.283239 -0.026382
47 43 0.214407 0.26133
47 45 0 0
47 47 0.139334 -0.00921942
47 49 0.050385 0.0937178
47 51 0.201592 0.321082
47 53 0.111176 0.0510913
47 55 0 0
47 57 0.0961991 0.317724
47 59 0 0
49 -59 0 0
49 -57 0 0
49 -55 0.269281 -0.278666
49 -53 0.0474697 -0.109515
49 -51 -0.0133094 -0.0441338
49 -49 0.266497 -0.34156
49 -47 0 0
49 -45 0.152899 -0.0402012
49 -43 0.39512 -0.3489
49 -41 0.30206 -0.129852
49 -39 0.30253 -0.26348
49 -37 0 0
49 -35 0.282223 -0.160609
49 -33 0.536001 -0.224357
49 -31 0.147509 -0.244559
49 -29 0.138493 -0.0748619
49 -27 0.540819 -0.171452
49 -25 0.0383197 -0.106965
49 -23 0.155118 0.0279105
49 -21 0.146271 -0.0583886
49 -19 0.0677458 -0.186503
49 -17 0.136826 -0.030798
49 -15 0.0482663 0.0985844
49 -13 0.0619404 0.0160309
49 -11 0.042917 -0.0515229
49 -9 0.107721 -0.032294
49 -7 0.0971131 -0.130041
49 -5 0.0692572 -0.0186377
49 -3 0.186521 -0.076165
49 -1 -0.0228643 -0.0831209
49 1 0.254677 -0.00818062
49 3 0.222201 0.0655496
49 5 0.0777959 0.0540471
49 7 0.209699 0.0388097
49 9 0.298309 0.169657
49 11 0.145811 0.0504182
49 13 0.0850462 0.205308
49 15 0.0906524 0.114781
49 17 0.448134 0.0932425
49 19 0.265584 0.129744
49 21 0.087747 -0.0548479
49 23 0.00902233 0.0438939
49 25 0 0
49 27 0.210851 0.0378338
49 29 0.268974 0.145762
49 31 0.224241 0.102499
49 33 0 0
49 35 0.399263 0.203516
49 37 -0.0184625 0.150988
49 39 0.310616 0.3292
49 41 0 0
49 43 0.560297 0.292627
49 45 0.103584 0.0379333
49 47 0 0
49 49 0 0
49 51 0.213167 0.300416
49 53 0 0
49 55 0 0
49 57 0 0
49 59 0 0
51 -59 0.0708968 -0.00765924
51 -57 0 0
51 -55 0.207692 -0.267201
51 -53 0.0772541 0.0107805
51 -51 0.191448 -0.0251307
51 -49 0 0
51 -47 0.0857526 -0.181026
51 -45 0.110184 -0.0968854
51 -43 0 0
51 -41 0.121394 -0.0931823
51 -39 0 0
51 -37 0.145855 -0.0404213
51 -35 0.0177481 0.00761397
51 -33 0.0208958 -0.145095
51 -31 0.27859 -0.318869
51 -29 0.197351 -0.0770928
51 -27 0 0
51 -25 0.137854 -0.00539856
51 -23 0.0296969 0.0798108
51 -21 0.208803 0.0269651
51 -19 0.0810682 -0.0588775
51 -17 0.396495 -0.155142
51 -15 0.148876 -0.0353958
51 -13 0 0
51 -11 0 0
51 -9 0.215771 -0.0197089
51 -7 0.433471 -0.119959
51 -5 0.24265 -0.11477
51 -3 0.132259 -0.10642
51 -1 0.122177 0.108233
51 1 0.377361 -0.00544469
51 3 0.335524 0.0646749
51 5 0.293087 -0.0418803
51 7 0.145661 -0.038123
51 9 0 0
51 11 0.147015 0.00569745
51 13 0.0446771 0.192406
51 15 0.204262 0.0969637
51 17 0.427528 0.238804
51 19 0.227772 0.0500769
51 21 0.133025 -0.0198872
51 23 0.26708 0.0605909
51 25 0 0
51 27 0.258379 0.157092
51 29 0.0279951 0.0848727
51 31 0 0
51 33 0.306712 0.145156
51 35 1.13713 0.764307
51 37 0 0
51 39 0 0
51 41 0.763492 0.282595
51 43 0.138736 0.189332
51 45 0 0
51 47 0.0923508 0.0944499
51 49 0 0
51 51 0.106228 0.0454177
51 53 0 0
51 55 0 0
51 57 0 0
51 59 0 0
53 -59 0.218514 -0.259938
53 -57 0.411147 -0.49545
53 -55 0 0
53 -53 0 0
53 -51 0.0819243 -0.0445461
53 -49 0.393937 0.024023
53 -47 -0.00393547 -0.0765892
53 -45 0.00011555 -0.0947376
53 -43 0.237892 -0.312551
53 -41 0 0
53 -39 0 0
53 -37 0.313616 -0.340149
53 -35 0.0229265 0.00908818
53 -33 0 0
53 -31 0 0
53 -29 0.241928 -0.0604682
53 -27 0.451414 -0.290628
53 -25 0.146801 -0.127001
53 -23 0.0573493 -0.0999312
53 -21 0.184545 0.017686
53 -19 -0.0225796 -0.0446047
53 -17 0.199755 -0.0813085
53 -15 0.518523 0.135143
53 -13 0.271878 -0.0650857
53 -11 0 0
53 -9 0 0
53 -7 0.31709 0.0019444
53 -5 0.0712587 -0.0683165
53 -3 0.262498 -0.0701281
53 -1 0 0
53 1 0.328585 0.00975131
53 3 0 0
53 5 0.399802 0.0382033
53 7 0.323684 -0.00421324
53 9 0.0973539 -0.0257864
53 11 0.455004 0.00237929
53 13 0.339073 0.141093
53 15 0 0
53 17 0.0274301 0.15874
53 19 0.320134 -0.0758678
53 21 0.167216 -0.0367065
53 23 0.0574873 0.0181209
53 25 0.149636 -0.0410213
53 27 0 0
53 29 -0.0599519 0.00642334
53 31 0.259867 0.0350632
53 33 0.181474 0.0821605
53 35 0 0
53 37 0 0
53 39 0 0
53 41 0 0
53 43 0 0
53 45 0 0
53 47 -0.0322625 0.100019
53 49 0.255854 0.0488951
53 51 -0.0525291 -0.0242224
53 53 0 0
53 55 0.0902513 -0.0660613
53 57 0 0
53 59 0 0
55 -59 -0.0169002 -0.0817183
55 -57 0.15838 -0.222364
55 -55 0 0
55 -53 0 0
55 -51 0 0
55 -49 0.274853 -0.00276691
55 -47 0 0
55 -45 0.149242 -0.168416
55 -43 0 0
55 -41 0.0172753 -0.069545
55 -39 0.235253 -0.313714
55 -37 0.154341 -0.172355
55 -35 0.0540969 -0.221874
55 -33 0.0509777 -0.0404486
55 -31 0.0567573 0.0365663
55 -29 0.115624 0.0248939
55 -27 0 0
55 -25 0.728948 -0.314206
55 -23 0 0
55 -21 0 0
55 -19 0 0
55 -17 0.376493 -0.0567529
55 -15 0.247919 -0.0374117
55 -13 0.0832717 -0.066939
55 -11 0.0686753 0.0455987
55 -9 0.21809 0.0681922
55 -7 0 0
55 -5 0.0550479 -0.0131096
55 -3 0 0
55 -1 0.0915996 0.103782
55 1 0.0133113 0.0408417
55 3 0.285078 0.140096
55 5 0 0
55 7 0.215562 0.0807227
55 9 -0.033681 0.0359168
55 11 0.191151 0.267557
55 13 0.100547 0.0717774
55 15 0 0
55 17 0.576752 0.145484
55 19 0.374509 0.270683
55 21 0.252609 0.14706
55 23 0.0876472 0.0348565
55 25 0 0
55 27 0 0
55 29 0.106331 0.037909
55 31 0.14575 -0.00209636
55 33 0.395563 0.170966
55 35 0.40817 0.262198
55 37 0 0
55 39 0.190202 0.209604
55 41 0.247964 0.0286193
55 43 0.360489 0.0277864
55 45 0 0
55 47 0 0
55 49 0.255462 0.334614
55 51 0 0
55 53 0 0
55 55 0 0
55 57 0.128852 0.0191008
55 59 0 0
57 -59 0 0
57 -57 0 0
57 -55 -0.0181716 0.07854
57 -53 0 0
57 -51 0.30462 -0.0937044
57 -49 0.0454454 -0.0168116
57 -47 0.264934 -0.106079
57 -45 0.0629958 0.0104183
57 -43 0.370051 -0.330016
57 -41 0 0
57 -39 0.00674058 0.000652006
57 -37 0.0875408 -0.0129744
57 -35 0.195369 0.0510614
57 -33 0.174898 0.015507
57 -31 0.383262 -0.216427
57 -29 0.100215 -0.0413541
57 -27 0.279803 0.0435459
57 -25 0.150695 0.0889606
57 -23 0.345168 -0.230754
57 -21 0.0422186 -0.265064
57 -19 0.455268 0.0776058
57 -17 0.706097 -0.32479
57 -15 0.069576 -0.096107
57 -13 0.244203 -0.132893
57 -11 -0.0409792 -0.0614501
57 -9 0.148956 -0.0919985
57 -7 0.0749587 0.00560031
57 -5 0.232052 0.0436051
57 -3 0.0950279 0.00629142
57 -1 0.362185 0.0677621
57 1 0.141525 0.0254043
57 3 0 0
57 5 0.166694 -0.068323
57 7 0.224109 -0.0205565
57 9 0.113134 0.0101107
57 11 0 0
57 13 0 0
57 15 0.19751 0.195541
57 17 0 0
57 19 0.446823 0.146123
57 21 0 0
57 23 0.206989 0.0332312
57 25 0.0646155 -0.114451
57 27 0.169354 0.166087
57 29 0.282733 0.200231
57 31 0 0
57 33 0.243485 0.204057
57 35 0 0
57 37 0.269758 -0.0762991
57 39 0.124544 0.0887908
57 41 0.0271582 0.0762893
57 43 0.0411983 0.205143
57 45 0 0
57 47 0 0
57 49 0 0
57 51 0 0
57 53 0 0
57 55 0 0
57 57 0 0
57 59 0 0
59 -59 0 0
59 -57 0 0
59 -55 0.100877 -0.100699
59 -53 0.348718 -0.255002
59 -51 0 0
59 -49 0 0
59 -47 0 0
59 -45 0 0
59 -43 0.205197 -0.186931
59 -41 0.213682 -0.0726208
59 -39 0.01425 -0.0309637
59 -37 0 0
59 -35 0.249716 -0.0226675
59 -33 -0.00572127 -0.0394591
59 -31 0 0
59 -29 0.237845 -0.180406
59 -27 0.122516 -0.0447745
59 -25 0 0
59 -23 0 0
59 -21 0.403522 -0.103011
59 -19 0.515243 -0.0874996
59 -17 0 0
59 -15 0.391163 -0.132641
59 -13 -0.0357966 0.174835
59 -11 0.251483 -0.00521251
59 -9 0.230833 0.0907722
59 -7 -0.0100802 0.0576119
59 -5 0 0
59 -3 0 0
59 -1 0 0
59 1 0.774488 -0.261621
59 3 0.146766 0.0156008
59 5 0.443676 -0.0371265
59 7 0 0
59 9 0.0921994 0.0438194
59 11 -0.00043138 -0.0374057
59 13 0.361694 0.047969
59 15 0 0
59 17 0 0
59 19 -0.111292 0.0215221
59 21 0.047735 0.0102115
59 23 0.223734 0.133326
59 25 0 0
59 27 0.106354 0.22253
59 29 0.0224758 0.0370502
59 31 0 0
59 33 0.430137 0.270582
59 35 0.112466 0.218113
59 37 0.0805031 0.0492037
59 39 0.221491 0.0582266
59 41 0.16819 -0.0910372
59 43 0.018681 0.121547
59 45 0 0
59 47 0.180939 0.329844
59 49 0 0
59 51 0 0
59 53 0 0
59 55 0 0
59 57 0 0
59 59 0.256018 0.272005
