-59 -59 -0.343064 -0.482435
-59 -57 -0.118232 -0.290882
-59 -55 -0.284056 -0.09972
-59 -53 -0.164986 -0.230896
-59 -51 0 0
-59 -49 -0.0756202 -0.140654
-59 -47 -0.515267 -0.431358
-59 -45 -0.0406825 -0.0869452
-59 -43 -0.186205 -0.1497
-59 -41 -0.125598 -0.0144117
-59 -39 -0.277526 -0.189515
-59 -37 -0.433315 -0.234887
-59 -35 -0.0802079 -0.0428636
-59 -33 -0.164688 -0.136556
-59 -31 -0.346479 -0.161059
-59 -29 -0.37807 -0.182116
-59 -27 -0.136617 -0.0941079
-59 -25 -0.301986 -0.0922176
-59 -23 -0.154792 -0.0690625
-59 -21 -0.292163 -0.0941722
-59 -19 -0.26778 -0.108417
-59 -17 -0.217571 -0.0639203
-59 -15 -0.242992 -0.0870754
-59 -13 -0.241323 -0.155075
-59 -11 -0.23914 -0.0143123
-59 -9 -0.211934 -0.0808138
-59 -7 -0.233162 -0.0726881
-59 -5 -0.255291 -0.0842854
-59 -3 -0.472937 -0.0148675
-59 -1 -0.0855619 -0.0120872
-59 1 -0.338376 0.0842691
-59 3 -0.40349 -0.00600881
-59 5 -0.355565 0.0242605
-59 7 -0.541183 0.0587747
-59 9 -0.307924 0.0707347
-59 11 -0.369105 -0.0379267
-59 13 -0.304411 0.0719315
-59 15 -0.201304 0.0528096
-59 17 -0.17338 0.0407269
-59 19 -0.319217 0.183189
-59 21 -0.23545 0.139063
-59 23 -0.25685 0.136623
-59 25 -0.251525 0.12095
-59 27 -0.199345 0.167064
-59 29 -0.172992 0.135055
-59 31 -0.235527 0.139125
-59 33 -0.18284 0.125534
-59 35 -0.103598 -0.00991333
-59 37 -0.324775 0.132541
-59 39 -0.240247 0.223179
-59 41 -0.294681 0.152724
-59 43 -0.186622 0.123822
-59 45 -0.327168 0.227172
-59 47 0.0630912 0.0716923
-59 49 -0.31776 0.249432
-59 51 -0.132939 0.185367
-59 53 0.0222548 0.0839019
-59 55 -0.22503 0.217977
-59 57 -0.080691 0.217023
-59 59 -0.213053 0.139079
-57 -59 0 0
-57 -57 0 0
-57 -55 -0.206028 -0.215667
-57 -53 -0.459356 -0.35289
-57 -51 -0.247499 -0.212926
-57 -49 -0.252305 -0.198893
-57 -47 -0.166766 -0.0865378
-57 -45 -0.31287 -0.257795
-57 -43 -0.0847702 -0.127141
-57 -41 -0.34572 -0.343634
-57 -39 -0.329782 -0.295043
-57 -37 -0.18034 -0.149099
-57 -35 -0.174557 -0.193875
-57 -33 -0.0677083 0.0381073
-57 -31 -0.240162 -0.176944
-57 -29 -0.206577 -0.0697615
-57 -27 -0.288809 -0.0884115
-57 -25 -0.465343 -0.257199
-57 -23 -0.454156 -0.261579
-57 -21 -0.204932 -0.106406
-57 -19 -0.224322 -0.0360484
-57 -17 -0.250684 -0.117353
-57 -15 -0.39746 -0.125766
-57 -13 -0.263141 0.0122219
-57 -11 -0.123167 -0.101556
-57 -9 -0.2617 -0.036972
-57 -7 -0.255844 -0.0433478
-57 -5 -0.145444 0.0181142
-57 -3 -0.439493 -0.0219436
-57 -1 -0.268563 -0.0539042
-57 1 -0.39464 -3.55968e-05
-57 3 -0.358732 -0.0159079
-57 5 -0.251617 0.0194253
-57 7 -0.206546 0.105772
-57 9 -0.370857 0.0367571
-57 11 -0.12431 0.0304907
-57 13 -0.339835 0.0448448
-57 15 -0.308594 0.034331
-57 17 -0.19676 0.0602275
-57 19 -0.186279 0.064232
-57 21 -0.241759 0.201257
-57 23 -0.247415 0.110586
-57 25 -0.453639 0.203153
-57 27 -0.202981 0.100184
-57 29 -0.475894 0.276738
-57 31 -0.367627 0.217202
-57 33 -0.301333 0.139148
-57 35 -0.0623323 0.0527189
-57 37 -0.149218 0.15531
-57 39 -0.274325 0.204575
-57 41 -0.00771137 0.0994629
-57 43 -0.324436 0.155641
-57 45 -0.275229 0.309293
-57 47 -0.00109292 0.123277
-57 49 -0.229026 0.128864
-57 51 -0.0694806 0.0283041
-57 53 -0.189696 0.148875
-57 55 0.0341536 0.0842789
-57 57 -0.0868597 0.149785
-57 59 -0.341444 0.355987
-55 -59 0 0
-55 -57 -0.26166 -0.285642
-55 -55 -0.139045 -0.388104
-55 -53 -0.0963528 -0.125054
-55 -51 -0.284045 -0.250675
-55 -49 0 0
-55 -47 -0.0853561 -0.154555
-55 -45 -0.295197 -0.251293
-55 -43 -0.0994096 -0.164734
-55 -41 -0.200127 -0.169672
-55 -39 -0.179447 -0.0622686
-55 -37 -0.195999 -0.0371457
-55 -35 -0.185808 -0.0749045
-55 -33 -0.301737 -0.182473
-55 -31 -0.427717 -0.200415
-55 -29 -0.290632 -0.168686
-55 -27 -0.272715 -0.176977
-55 -25 -0.295144 -0.133867
-55 -23 -0.274035 -0.0582381
-55 -21 -0.293298 -0.135634
-55 -19 -0.241777 -0.151745
-55 -17 -0.273468 -0.108506
-55 -15 -0.231134 -0.0474181
-55 -13 -0.390589 -0.129881
-55 -11 -0.264489 0.00865768
-55 -9 -0.105421 -0.0549487
-55 -7 -0.337446 -0.0216233
-55 -5 -0.488534 0.0226032
-55 -3 -0.0512022 0.0274287
-55 -1 -0.340401 -0.0258206
-55 1 -0.352966 -0.00491158
-55 3 -0.337371 -0.0081093
-55 5 -0.214389 0.0445101
-55 7 -0.0606225 0.051014
-55 9 -0.325102 0.0540913
-55 11 -0.544112 0.205837
-55 13 -0.324644 0.0679575
-55 15 -0.151285 0.090875
-55 17 -0.172443 0.033945
-55 19 -0.2062 0.0799498
-55 21 -0.291961 0.0998637
-55 23 -0.436373 0.132213
-55 25 -0.697932 0.291803
-55 27 -0.183976 0.114912
-55 29 -0.294881 0.185087
-55 31 -0.26669 0.225465
-55 33 -0.373856 0.166692
-55 35 -0.336359 0.166977
-55 37 -0.140968 0.121598
-55 39 -0.37482 0.190047
-55 41 -0.316899 0.183703
-55 43 -0.00161038 0.045899
-55 45 -0.134232 0.14309
-55 47 -0.784625 0.505252
-55 49 -0.0220412 0.0357076
-55 51 -0.149905 0.195378
-55 53 -0.360671 0.430882
-55 55 -0.349512 0.393989
-55 57 -0.0917562 0.0955488
-55 59 -0.0650748 0.276933
-53 -59 -0.0939446 -0.133975
-53 -57 0.0701951 -0.124513
-53 -55 -0.191054 -0.150336
-53 -53 -0.110807 -0.295909
-53 -51 -0.0425908 -0.043482
-53 -49 -0.468207 -0.477275
-53 -47 -0.247295 -0.209189
-53 -45 -0.204458 -0.0811572
-53 -43 -0.233473 -0.170027
-53 -41 -0.32945 -0.214053
-53 -39 -0.281931 -0.0765668
-53 -37 -0.255958 -0.155722
-53 -35 -0.318713 -0.189519
-53 -33 -0.32598 -0.205708
-53 -31 -0.34179 -0.132104
-53 -29 -0.205147 -0.264137
-53 -27 -0.290156 -0.230188
-53 -25 -0.304096 -0.115799
-53 -23 -0.268937 -0.117614
-53 -21 -0.323793 -0.155964
-53 -19 -0.41333 -0.19147
-53 -17 -0.321872 -0.0612521
-53 -15 -0.308851 -0.135898
-53 -13 -0.242578 -0.0489625
-53 -11 -0.224125 0.00872357
-53 -9 -0.335539 -0.045869
-53 -7 -0.361579 -0.0718669
-53 -5 -0.394444 -0.0611014
-53 -3 -0.297983 -0.0225778
-53 -1 -0.251428 0.0167558
-53 1 -0.152953 -0.0398661
-53 3 -0.237739 0.0541823
-53 5 -0.29342 -0.0198575
-53 7 -0.0962967 -0.0490188
-53 9 -0.153203 0.0300086
-53 11 -0.331538 0.0467582
-53 13 -0.518211 0.089084
-53 15 -0.436615 0.0742311
-53 17 -0.255187 0.150568
-53 19 -0.343809 0.124844
-53 21 -0.227845 0.150229
-53 23 -0.120753 0.0718036
-53 25 -0.217345 0.133588
-53 27 -0.173218 0.100718
-53 29 -0.216281 0.159109
-53 31 -0.195032 0.0865476
-53 33 -0.167017 0.13617
-53 35 -0.234479 0.203465
-53 37 -0.357895 0.198697
-53 39 -0.173775 0.211036
-53 41 -0.381832 0.243172
-53 43 -0.287382 0.172656
-53 45 -0.229495 0.238414
-53 47 -0.351697 0.290609
-53 49 -0.258759 0.268215
-53 51 -0.237119 0.194073
-53 53 -0.403402 0.209794
-53 55 -0.191181 0.177713
-53 57 -0.0279168 -0.140602
-53 59 -0.107774 0.180039
-51 -59 -0.372157 -0.39912
-51 -57 -0.206246 -0.222855
-51 -55 -0.17953 -0.238111
-51 -53 -0.0672094 -0.188028
-51 -51 -0.188691 -0.133697
-51 -49 -0.0690785 -0.143501
-51 -47 -0.199258 -0.219943
-51 -45 -0.189091 -0.170108
-51 -43 -0.15307 -0.14924
-51 -41 -0.0984244 -0.00747243
-51 -39 -0.316251 -0.264741
-51 -37 -0.253895 -0.18803
-51 -35 -0.349434 -0.220099
-51 -33 -0.199168 -0.142357
-51 -31 -0.305303 -0.240227
-51 -29 -0.296404 -0.238387
-51 -27 -0.193557 -0.0771521
-51 -25 -0.435128 -0.145788
-51 -23 -0.222994 -0.11923
-51 -21 -0.176635 -0.0369437
-51 -19 -0.371057 -0.0786413
-51 -17 -0.192159 -0.0283944
-51 -15 -0.2804 -0.0646078
-51 -13 -0.234571 -0.0676683
-51 -11 -0.375046 -0.0975703
-51 -9 -0.337306 0.00500525
-51 -7 -0.33355 -0.0136753
-51 -5 -0.19719 -0.0233179
-51 -3 -0.300254 -0.0392936
-51 -1 -0.327712 0.0119435
-51 1 -0.380566 0.0102713
-51 3 -0.284906 -0.00928871
-51 5 -0.187122 0.0548433
-51 7 -0.31019 0.0189027
-51 9 -0.267333 0.0296889
-51 11 -0.446749 0.115942
-51 13 -0.217527 0.0652535
-51 15 -0.187392 0.088938
-51 17 -0.296066 0.0680271
-51 19 -0.298015 0.109011
-51 21 -0.349673 0.0229176
-51 23 -0.18523 0.0507351
-51 25 -0.219332 0.13813
-51 27 -0.280978 0.147566
-51 29 -0.188148 0.130424
-51 31 -0.096935 0.0869297
-51 33 -0.30484 0.195727
-51 35 -0.183666 0.158462
-51 37 -0.370316 0.314186
-51 39 -0.249685 0.315241
-51 41 -0.267163 0.326828
-51 43 -0.227496 0.105625
-51 45 -0.0735865 0.100847
-51 47 -0.192688 0.181108
-51 49 -0.162261 0.168854
-51 51 -0.0884841 0.0502063
-51 53 -0.0969156 0.176048
-51 55 -0.083441 0.124265
-51 57 0 0
-51 59 -0.260502 0.243472
-49 -59 -0.0954962 -0.285235
-49 -57 -0.245229 -0.235309
-49 -55 -0.560748 -0.591655
-49 -53 -0.224986 -0.115702
-49 -51 0.00847864 -0.0228392
-49 -49 -0.0992689 -0.0619307
-49 -47 -0.0838699 -0.186603
-49 -45 -0.158537 -0.0821823
-49 -43 -0.284134 -0.278071
-49 -41 -0.112346 -0.160562
-49 -39 -0.206674 -0.222891
-49 -37 -0.255416 -0.183996
-49 -35 -0.256753 -0.165006
-49 -33 -0.140955 -0.10404
-49 -31 -0.220344 -0.110149
-49 -29 -0.32241 -0.21708
-49 -27 -0.251416 -0.129446
-49 -25 -0.355659 -0.158233
-49 -23 -0.110158 -0.0745597
-49 -21 -0.296152 -0.115505
-49 -19 -0.137672 0.0251575
-49 -17 -0.377987 -0.181122
-49 -15 -0.626153 -0.33237
-49 -13 -0.2349 -0.0128218
-49 -11 -0.309457 -0.0835454
-49 -9 -0.300996 -0.0647521
-49 -7 -0.352166 -0.0279847
-49 -5 -0.399736 -0.0156014
-49 -3 -0.30893 0.00629138
-49 -1 -0.277114 0.0234632
-49 1 -0.292851 -0.00748813
-49 3 -0.170617 0.012374
-49 5 -0.420103 0.0136741
-49 7 -0.34755 0.044112
-49 9 -0.317865 0.110546
-49 11 -0.569344 0.177391
-49 13 -0.34702 0.0394283
-49 15 -0.266474 0.122486
-49 17 -0.297565 0.147018
-49 19 -0.225411 0.0980318
-49 21 -0.223692 0.0532109
-49 23 -0.131001 0.0570998
-49 25 -0.321679 0.173611
-49 27 -0.230454 0.147786
-49 29 -0.0454302 0.0495058
-49 31 -0.100397 0.048141
-49 33 -0.227825 0.0952028
-49 35 -0.121474 0.0465734
-49 37 -0.0539392 -0.0219109
-49 39 -0.135553 0.176904
-49 41 -0.334066 0.129331
-49 43 -0.215553 0.111348
-49 45 -0.169533 0.0847193
-49 47 -0.164417 0.145114
-49 49 -0.22934 0.192277
-49 51 -0.0726656 0.212407
-49 53 -0.311463 0.390079
-49 55 0.00836827 0.120616
-49 57 -0.142067 0.217698
-49 59 0.0289474 0.20519
-47 -59 -0.121078 -0.104887
-47 -57 -0.104436 -0.243734
-47 -55 -0.14903 -0.162436
-47 -53 -0.172318 -0.238962
-47 -51 -0.289228 -0.189817
-47 -49 -0.364016 -0.336055
-47 -47 -0.261864 -0.30145
-47 -45 -0.243101 -0.26212
-47 -43 -0.200462 -0.190449
-47 -41 -0.22249 -0.244502
-47 -39 -0.110651 -0.121787
-47 -37 -0.323023 -0.18381
-47 -35 -0.293707 -0.2013
-47 -33 -0.177354 -0.0537567
-47 -31 -0.249503 -0.146506
-47 -29 -0.260771 -0.262758
-47 -27 -0.163915 -0.119933
-47 -25 -0.368011 -0.17879
-47 -23 -0.332187 -0.124888
-47 -21 -0.415844 -0.174879
-47 -19 -0.278169 -0.0985614
-47 -17 -0.298425 -0.08512
-47 -15 -0.213127 -0.0797862
-47 -13 -0.418762 -0.0758407
-47 -11 -0.188353 -0.0280557
-47 -9 -0.315939 -0.0306377
-47 -7 -0.381398 -0.0394763
-47 -5 -0.297618 -0.0536681
-47 -3 -0.360665 -0.0205737
-47 -1 -0.32014 0.00376135
-47 1 -0.386563 -0.021749
-47 3 -0.370756 0.0194314
-47 5 -0.387093 0.0718741
-47 7 -0.281394 0.0320307
-47 9 -0.329941 0.00837449
-47 11 -0.225012 0.0299447
-47 13 -0.290684 0.045669
-47 15 -0.199096 0.0627803
-47 17 -0.301404 0.0947088
-47 19 -0.252426 0.0914254
-47 21 -0.242785 0.0710294
-47 23 -0.265457 0.100437
-47 25 -0.416223 0.178966
-47 27 -0.382319 0.24111
-47 29 -0.255557 0.198978
-47 31 -0.157464 0.136288
-47 33 -0.384216 0.266466
-47 35 -0.231356 0.194739
-47 37 -0.212725 0.208806
-47 39 -0.169434 0.0517148
-47 41 -0.248694 0.269962
-47 43 0 0
-47 45 -0.323891 0.359249
-47 47 -0.189004 0.25039
-47 49 0.0407195 0.101952
-47 51 -0.285852 0.268342
-47 53 -0.209097 0.174839
-47 55 -0.155758 0.248176
-47 57 0.0064303 0.0592999
-47 59 0.196702 0.128633
-45 -59 -0.162194 -0.228086
-45 -57 -0.213589 -0.277614
-45 -55 -0.198714 -0.281967
-45 -53 -0.0580888 -0.307745
-45 -51 -0.154208 -0.150132
-45 -49 -0.213873 -0.200434
-45 -47 0.0360202 -0.185461
-45 -45 -0.185015 -0.154684
-45 -43 -0.31813 -0.224448
-45 -41 -0.107444 -0.13702
-45 -39 -0.145059 -0.217445
-45 -37 -0.137764 -0.0958202
-45 -35 -0.131138 -0.106693
-45 -33 -0.356763 -0.256903
-45 -31 -0.312774 -0.222132
-45 -29 -0.206489 -0.146016
-45 -27 -0.236161 -0.173478
-45 -25 -0.218196 -0.0307774
-45 -23 -0.306622 -0.160324
-45 -21 -0.362795 -0.152054
-45 -19 -0.156904 -0.0782024
-45 -17 -0.136582 -0.0589244
-45 -15 -0.202316 0.0279056
-45 -13 -0.310623 -0.0389353
-45 -11 -0.463799 -0.0586327
-45 -9 -0.302115 -0.110654
-45 -7 -0.278555 -0.073224
-45 -5 -0.391977 -0.0689133
-45 -3 -0.305395 -0.0063373
-45 -1 -0.415287 0.0293043
-45 1 -0.34698 -0.00734707
-45 3 -0.439605 0.00414654
-45 5 -0.220708 0.0593723
-45 7 -0.265312 0.0180092
-45 9 -0.292897 0.0594363
-45 11 -0.333391 0.116913
-45 13 -0.374367 0.111524
-45 15 -0.31178 0.0944691
-45 17 -0.291011 0.0996775
-45 19 -0.258307 0.0405985
-45 21 -0.136958 0.106941
-45 23 -0.284641 0.184503
-45 25 -0.27434 0.15515
-45 27 -0.248965 0.182069
-45 29 -0.212392 0.161422
-45 31 -0.150903 0.122718
-45 33 -0.208706 0.13475
-45 35 -0.346468 0.269298
-45 37 -0.252987 0.183216
-45 39 -0.0897287 0.118175
-45 41 -0.00770575 0.0714449
-45 43 -0.177309 0.227866
-45 45 -0.218909 0.217499
-45 47 -0.717241 0.740157
-45 49 -0.15587 0.182271
-45 51 -0.0834416 0.0574903
-45 53 -0.531955 0.294478
-45 55 -0.0921144 0.0322497
-45 57 -0.0489867 0.0457123
-45 59 -0.0271843 0.0265564
-43 -59 -0.211197 -0.425421
-43 -57 -0.0806191 -0.0675649
-43 -55 -0.0777241 -0.0535808
-43 -53 -0.12318 -0.246231
-43 -51 0.0250721 -0.11536
-43 -49 -0.28005 -0.330489
-43 -47 -0.137714 -0.251068
-43 -45 -0.187439 -0.211387
-43 -43 -0.157052 -0.208393
-43 -41 -0.273732 -0.136814
-43 -39 -0.164903 -0.224769
-43 -37 -0.349202 -0.248162
-43 -35 -0.232886 -0.276912
-43 -33 -0.193227 -0.167705
-43 -31 -0.311927 -0.200283
-43 -29 -0.250746 -0.131214
-43 -27 -0.243919 -0.152074
-43 -25 -0.290612 -0.147254
-43 -23 -0.248032 -0.0574427
-43 -21 -0.257608 -0.117316
-43 -19 -0.278005 -0.132555
-43 -17 -0.284557 -0.0972726
-43 -15 -0.397018 -0.157239
-43 -13 -0.426459 -0.133184
-43 -11 -0.362069 0.0211365
-43 -9 -0.452965 -0.130804
-43 -7 -0.343066 -0.0498678
-43 -5 -0.314062 -0.0372915
-43 -3 -0.454004 -0.0251149
-43 -1 -0.263785 -0.0319767
-43 1 -0.374227 0.00649699
-43 3 -0.350095 0.00362409
-43 5 -0.29763 0.040082
-43 7 -0.260767 0.0210221
-43 9 -0.236443 0.0436979
-43 11 -0.213394 0.035064
-43 13 -0.326651 0.0972176
-43 15 -0.205883 0.0833754
-43 17 -0.26673 0.090182
-43 19 -0.335379 0.130102
-43 21 -0.266695 0.122542
-43 23 -0.231425 0.107942
-43 25 -0.342963 0.159476
-43 27 -0.349312 0.185903
-43 29 -0.417916 0.2484
-43 31 -0.222958 0.206489
-43 33 -0.233023 0.164761
-43 35 -0.153615 0.152128
-43 37 -0.341744 0.371816
-43 39 -0.270788 0.182183
-43 41 -0.241232 0.220716
-43 43 -0.189662 0.168843
-43 45 -0.255083 0.198155
-43 47 -0.221938 0.192348
-43 49 -0.176175 0.172163
-43 51 -0.233921 0.349688
-43 53 -0.241635 0.307319
-43 55 -0.12282 0.0806771
-43 57 0.0588957 0.0796292
-43 59 -0.108367 0.115127
-41 -59 -0.248053 -0.334275
-41 -57 -0.112812 -0.129756
-41 -55 -0.189199 -0.336312
-41 -53 0 0
-41 -51 -0.194993 -0.21275
-41 -49 -0.343671 -0.357388
-41 -47 -0.309296 -0.307176
-41 -45 -0.141707 -0.237143
-41 -43 -0.190022 -0.204006
-41 -41 -0.220399 -0.219434
-41 -39 -0.176652 -0.193036
-41 -37 -0.35115 -0.288967
-41 -35 -0.206503 -0.0779122
-41 -33 -0.265115 -0.261582
-41 -31 -0.268046 -0.194784
-41 -29 -0.355226 -0.253154
-41 -27 -0.311509 -0.282278
-41 -25 -0.210482 -0.123709
-41 -23 -0.459279 -0.19559
-41 -21 -0.369409 -0.166131
-41 -19 -0.242718 -0.114315
-41 -17 -0.255671 -0.0511087
-41 -15 -0.260298 -0.113751
-41 -13 -0.151876 -0.0965587
-41 -11 -0.227297 -0.0925518
-41 -9 -0.289151 -0.0429798
-41 -7 -0.269085 -0.0185376
-41 -5 -0.321052 -0.0630172
-41 -3 -0.272409 -0.0168562
-41 -1 -0.372943 0.0135805
-41 1 -0.266233 0.0259559
-41 3 -0.334966 0.0130637
-41 5 -0.208678 0.0395185
-41 7 -0.284069 0.0119381
-41 9 -0.373767 0.0830547
-41 11 -0.356974 0.100934
-41 13 -0.245202 0.101742
-41 15 -0.227496 0.0744072
-41 17 -0.336504 0.12537
-41 19 -0.26833 0.108648
-41 21 -0.305504 0.181897
-41 23 -0.345448 0.189844
-41 25 -0.304704 0.175695
-41 27 -0.13127 0.0803239
-41 29 -0.289764 0.158846
-41 31 -0.307893 0.293279
-41 33 -0.275046 0.254602
-41 35 -0.307892 0.2875
-41 37 -0.130898 0.0912852
-41 39 -0.217188 0.252206
-41 41 -0.422097 0.353857
-41 43 -0.310621 0.369631
-41 45 -0.0970854 0.0675605
-41 47 -0.158438 0.053602
-41 49 -0.0934686 0.202409
-41 51 -0.102721 0.200175
-41 53 -0.269701 0.426846
-41 55 -0.0952892 0.0983818
-41 57 -0.388123 0.515291
-41 59 -1.18854 1.69198
-39 -59 -0.248001 -0.267596
-39 -57 -0.181786 -0.215676
-39 -55 -0.276808 -0.436186
-39 -53 -0.244032 -0.314172
-39 -51 -0.0769525 -0.131608
-39 -49 -0.151967 -0.232678
-39 -47 -0.0965147 -0.199631
-39 -45 -0.293665 -0.361212
-39 -43 -0.216697 -0.247981
-39 -41 -0.291523 -0.23526
-39 -39 -0.299631 -0.399057
-39 -37 -0.105433 -0.153845
-39 -35 -0.246006 -0.120525
-39 -33 -0.27503 -0.138989
-39 -31 -0.295098 -0.215474
-39 -29 -0.272147 -0.200458
-39 -27 -0.224013 -0.158806
-39 -25 -0.27062 -0.189216
-39 -23 -0.358833 -0.23981
-39 -21 -0.225033 -0.130017
-39 -19 -0.281036 -0.0759871
-39 -17 -0.291909 -0.116595
-39 -15 -0.356535 -0.149057
-39 -13 -0.194693 -0.0966819
-39 -11 -0.239762 -0.0850215
-39 -9 -0.319115 -0.0777999
-39 -7 -0.387501 -0.00744111
-39 -5 -0.319605 -0.0790352
-39 -3 -0.287986 -0.0231456
-39 -1 -0.296751 -0.0302668
-39 1 -0.224285 0.028418
-39 3 -0.344765 0.0446132
-39 5 -0.375876 0.0259381
-39 7 -0.314206 0.0695987
-39 9 -0.3014 0.0376359
-39 11 -0.263563 0.0286141
-39 13 -0.223344 0.0612218
-39 15 -0.22696 0.0622383
-39 17 -0.29529 0.0888143
-39 19 -0.207653 0.0353525
-39 21 -0.353524 0.220384
-39 23 -0.363083 0.199812
-39 25 -0.359148 0.251445
-39 27 -0.162088 0.111623
-39 29 -0.389481 0.290694
-39 31 -0.226661 0.177177
-39 33 -0.181616 0.181135
-39 35 -0.237219 0.29642
-39 37 -0.342223 0.254135
-39 39 -0.209322 0.162944
-39 41 -0.268187 0.262873
-39 43 -0.251526 0.306836
-39 45 -0.162031 0.190947
-39 47 -0.105935 0.12359
-39 49 -0.220859 0.280985
-39 51 -0.202228 0.232457
-39 53 -0.183029 0.242944
-39 55 -0.128943 0.178971
-39 57 -0.245252 0.297898
-39 59 -0.209722 0.503878
-37 -59 -0.128101 -0.343718
-37 -57 -0.113742 -0.223982
-37 -55 -0.137567 -0.160119
-37 -53 -0.105255 -0.196759
-37 -51 -0.157116 -0.161486
-37 -49 -0.185226 -0.178417
-37 -47 -0.208956 -0.255868
-37 -45 -0.144477 -0.172856
-37 -43 -0.370442 -0.314932
-37 -41 -0.260062 -0.226213
-37 -39 -0.23113 -0.213413
-37 -37 -0.273127 -0.320632
-37 -35 -0.13511 -0.180548
-37 -33 -0.158361 -0.12742
-37 -31 -0.291944 -0.139755
-37 -29 -0.284642 -0.264722
-37 -27 -0.181457 -0.120338
-37 -25 -0.270513 -0.203887
-37 -23 -0.358338 -0.205914
-37 -21 -0.322297 -0.183254
-37 -19 -0.396283 -0.194441
-37 -17 -0.278726 -0.0791389
-37 -15 -0.289172 -0.146746
-37 -13 -0.36401 -0.143094
-37 -11 -0.273624 -0.0584863
-37 -9 -0.345571 -0.0802836
-37 -7 -0.314853 -0.071468
-37 -5 -0.329724 -0.0385952
-37 -3 -0.359967 -0.020075
-37 -1 -0.355954 0.0115475
-37 1 -0.463971 -0.00775477
-37 3 -0.349894 0.0176042
-37 5 -0.275107 0.021381
-37 7 -0.431662 0.0718979
-37 9 -0.317299 0.0754127
-37 11 -0.243668 0.049679
-37 13 -0.196044 0.115583
-37 15 -0.276741 0.0909842
-37 17 -0.294756 0.141035
-37 19 -0.239834 0.10225
-37 21 -0.209715 0.122563
-37 23 -0.301853 0.199761
-37 25 -0.351307 0.218033
-37 27 -0.390064 0.251561
-37 29 -0.277119 0.177764
-37 31 -0.304655 0.242021
-37 33 -0.272702 0.23004
-37 35 -0.258858 0.21285
-37 37 -0.27389 0.316652
-37 39 -0.231394 0.232257
-37 41 -0.247874 0.288916
-37 43 -0.130734 0.0091115
-37 45 -0.220586 0.26966
-37 47 -0.236846 0.373418
-37 49 -0.265736 0.351
-37 51 -0.0510076 0.122408
-37 53 -0.428996 0.649144
-37 55 -0.0757269 0.223908
-37 57 -0.0788344 0.134703
-37 59 -0.107902 0.273745
-35 -59 -0.0358654 -0.266246
-35 -57 -0.264769 -0.382366
-35 -55 -0.106761 -0.155606
-35 -53 -0.140063 -0.188406
-35 -51 -0.0551233 -0.144808
-35 -49 -0.149295 -0.204195
-35 -47 -0.206079 -0.226759
-35 -45 -0.0912282 -0.181981
-35 -43 -0.0408552 -0.280633
-35 -41 -0.141438 -0.135812
-35 -39 -0.166553 -0.138037
-35 -37 -0.260634 -0.242077
-35 -35 -0.183193 -0.193912
-35 -33 -0.257526 -0.211454
-35 -31 -0.274034 -0.269349
-35 -29 -0.26181 -0.207331
-35 -27 -0.34369 -0.279783
-35 -25 -0.337576 -0.207023
-35 -23 -0.184154 -0.178232
-35 -21 -0.228577 -0.124599
-35 -19 -0.293695 -0.15892
-35 -17 -0.219216 -0.0936191
-35 -15 -0.361095 -0.163359
-35 -13 -0.34202 -0.105172
-35 -11 -0.314699 -0.0833165
-35 -9 -0.300636 -0.084824
-35 -7 -0.443953 -0.0925024
-35 -5 -0.471609 -0.0623658
-35 -3 -0.424983 -0.0246475
-35 -1 -0.545559 -0.0122674
-35 1 -0.535899 0.0141997
-35 3 -0.51531 0.0271457
-35 5 -0.517353 0.0656647
-35 7 -0.458724 0.0817269
-35 9 -0.425233 0.138633
-35 11 -0.276299 0.0797923
-35 13 -0.344822 0.129735
-35 15 -0.283911 0.111257
-35 17 -0.192823 0.109962
-35 19 -0.368999 0.207851
-35 21 -0.237651 0.146681
-35 23 -0.230111 0.137939
-35 25 -0.265223 0.150196
-35 27 -0.242499 0.151045
-35 29 -0.212881 0.177972
-35 31 -0.36134 0.287134
-35 33 -0.229763 0.214104
-35 35 -0.171296 0.171816
-35 37 -0.255282 0.328185
-35 39 -0.254451 0.265468
-35 41 -0.142952 0.120103
-35 43 -0.160958 0.24823
-35 45 -0.166804 0.306272
-35 47 -0.152201 0.203833
-35 49 -0.131106 0.237687
-35 51 -0.273643 0.426023
-35 53 -0.126722 0.265814
-35 55 -0.215857 0.365354
-35 57 -0.155283 0.195199
-35 59 -0.14121 0.129252
-33 -59 -0.341018 -0.616829
-33 -57 -0.150164 -0.256484
-33 -55 -0.114134 -0.217823
-33 -53 -0.0113486 -0.155243
-33 -51 -0.165082 -0.399504
-33 -49 -0.0871667 -0.19487
-33 -47 -0.22656 -0.225707
-33 -45 -0.123728 -0.220888
-33 -43 -0.158386 -0.195795
-33 -41 -0.243841 -0.295717
-33 -39 -0.0485211 -0.171261
-33 -37 -0.189318 -0.12823
-33 -35 -0.157989 -0.208138
-33 -33 -0.218786 -0.253187
-33 -31 -0.176554 -0.149795
-33 -29 -0.18333 -0.236881
-33 -27 -0.268624 -0.228274
-33 -25 -0.206156 -0.113477
-33 -23 -0.238735 -0.196525
-33 -21 -0.2748 -0.196945
-33 -19 -0.340928 -0.193855
-33 -17 -0.353922 -0.17949
-33 -15 -0.366924 -0.171724
-33 -13 -0.461578 -0.173257
-33 -11 -0.550744 -0.17621
-33 -9 -0.60214 -0.156251
-33 -7 -0.615094 -0.123734
-33 -5 -0.593553 -0.0880553
-33 -3 -0.632005 -0.0585117
-33 -1 -0.62084 -0.0184061
-33 1 -0.621621 0.0176536
-33 3 -0.620484 0.0548375
-33 5 -0.584085 0.0834428
-33 7 -0.582444 0.115795
-33 9 -0.567004 0.14272
-33 11 -0.54836 0.174458
-33 13 -0.418193 0.142252
-33 15 -0.447445 0.205852
-33 17 -0.323961 0.150395
-33 19 -0.274371 0.157982
-33 21 -0.260988 0.161638
-33 23 -0.276274 0.18083
-33 25 -0.20006 0.15133
-33 27 -0.274378 0.208282
-33 29 -0.277217 0.254821
-33 31 -0.0848374 0.101569
-33 33 -0.209479 0.22735
-33 35 -0.106244 0.103281
-33 37 -0.183447 0.178497
-33 39 -0.0808491 0.088141
-33 41 -0.231419 0.17607
-33 43 -0.296987 0.399004
-33 45 -0.133597 0.247003
-33 47 -0.134691 0.13641
-33 49 -0.160418 0.227011
-33 51 -0.0953739 0.199716
-33 53 -0.114157 0.222867
-33 55 -0.0213291 -0.0381325
-33 57 -0.205998 0.58813
-33 59 0.194242 0.0127499
-31 -59 0.00810743 -0.114697
-31 -57 -0.20829 -0.354522
-31 -55 -0.122725 -0.18291
-31 -53 -0.207357 -0.284509
-31 -51 -0.0837139 -0.119481
-31 -49 -0.226896 -0.298611
-31 -47 -0.0779559 -0.119713
-31 -45 -0.288879 -0.423262
-31 -43 -0.0536093 -0.180908
-31 -41 -0.125942 -0.194141
-31 -39 -0.143524 -0.276304
-31 -37 -0.203731 -0.265187
-31 -35 -0.170427 -0.119476
-31 -33 -0.111629 -0.149662
-31 -31 -0.26953 -0.271775
-31 -29 -0.261334 -0.237734
-31 -27 -0.271048 -0.257279
-31 -25 -0.311524 -0.27344
-31 -23 -0.247303 -0.149639
-31 -21 -0.309975 -0.195969
-31 -19 -0.303761 -0.168449
-31 -17 -0.47523 -0.258169
-31 -15 -0.549637 -0.251837
-31 -13 -0.544977 -0.218483
-31 -11 -0.578813 -0.194495
-31 -9 -0.595862 -0.161957
-31 -7 -0.608082 -0.129057
-31 -5 -0.616539 -0.0949221
-31 -3 -0.609441 -0.0559705
-31 -1 -0.625762 -0.0169568
-31 1 -0.626915 0.018658
-31 3 -0.599354 0.0549114
-31 5 -0.605088 0.0912381
-31 7 -0.607841 0.129111
-31 9 -0.598188 0.161781
-31 11 -0.595219 0.204551
-31 13 -0.566283 0.222678
-31 15 -0.54637 0.250435
-31 17 -0.479386 0.238261
-31 19 -0.363897 0.204615
-31 21 -0.299923 0.200749
-31 23 -0.25697 0.167932
-31 25 -0.288943 0.225019
-31 27 -0.286897 0.191175
-31 29 -0.227855 0.190946
-31 31 -0.155732 0.1857
-31 33 -0.199011 0.153461
-31 35 -0.231044 0.267574
-31 37 -0.192455 0.279735
-31 39 -0.0589103 0.190207
-31 41 -0.122041 0.151347
-31 43 -0.127084 0.139206
-31 45 -0.0876143 0.227761
-31 47 -0.178632 0.197876
-31 49 -0.189303 0.238819
-31 51 -0.18161 0.255936
-31 53 -0.0307809 0.111977
-31 55 -0.0884249 0.160393
-31 57 -0.117238 0.210137
-31 59 0.0490134 0.0763765
-29 -59 -0.14673 -0.257758
-29 -57 -0.183821 -0.281876
-29 -55 -0.0504399 -0.176393
-29 -53 -0.103625 -0.185319
-29 -51 -0.108515 -0.167791
-29 -49 -0.124793 -0.0866302
-29 -47 -0.273068 -0.353358
-29 -45 -0.139634 -0.143814
-29 -43 -0.162554 -0.182835
-29 -41 -0.176338 -0.120212
-29 -39 -0.195777 -0.245958
-29 -37 -0.151054 -0.153462
-29 -35 -0.207945 -0.211144
-29 -33 -0.226548 -0.232902
-29 -31 -0.214916 -0.248959
-29 -29 -0.108305 -0.0981793
-29 -27 -0.17071 -0.174141
-29 -25 -0.177264 -0.168275
-29 -23 -0.270008 -0.180612
-29 -21 -0.446929 -0.324215
-29 -19 -0.510356 -0.32038
-29 -17 -0.547826 -0.30399
-29 -15 -0.545973 -0.26644
-29 -13 -0.55715 -0.237565
-29 -11 -0.566136 -0.205339
-29 -9 -0.586271 -0.176035
-29 -7 -0.604868 -0.139066
-29 -5 -0.615869 -0.102087
-29 -3 -0.626459 -0.0636349
-29 -1 -0.631612 -0.0188499
-29 1 -0.629586 0.0216606
-29 3 -0.63483 0.0631798
-29 5 -0.617536 0.102623
-29 7 -0.602248 0.138503
-29 9 -0.58409 0.174559
-29 11 -0.571922 0.209122
-29 13 -0.553215 0.235096
-29 15 -0.553539 0.269343
-29 17 -0.539882 0.300368
-29 19 -0.490238 0.304549
-29 21 -0.428929 0.308202
-29 23 -0.363753 0.277269
-29 25 -0.213629 0.17815
-29 27 -0.304329 0.287781
-29 29 -0.217022 0.223101
-29 31 -0.190917 0.233165
-29 33 -0.221894 0.128097
-29 35 -0.171325 0.315513
-29 37 -0.0864925 0.138344
-29 39 -0.190437 0.318511
-29 41 -0.25202 0.413151
-29 43 -0.123999 0.168581
-29 45 -0.128635 0.225987
-29 47 -0.104047 0.112838
-29 49 -0.154968 0.226806
-29 51 -0.108711 0.242469
-29 53 -0.154528 0.201638
-29 55 -0.0462813 0.203167
-29 57 -0.0858175 0.255421
-29 59 -0.0949253 0.227507
-27 -59 -0.0825713 -0.344145
-27 -57 -0.166533 -0.382778
-27 -55 -0.12267 -0.0147251
-27 -53 -0.097548 -0.189258
-27 -51 -0.126483 -0.445558
-27 -49 -0.0457799 -0.155527
-27 -47 -0.115039 -0.183933
-27 -45 -0.148268 -0.38892
-27 -43 -0.214072 -0.354627
-27 -41 -0.200635 -0.262143
-27 -39 -0.142457 -0.163537
-27 -37 -0.115496 -0.159781
-27 -35 -0.223076 -0.249927
-27 -33 -0.147982 -0.201991
-27 -31 -0.247594 -0.285605
-27 -29 -0.18135 -0.231987
-27 -27 -0.226651 -0.22446
-27 -25 -0.299082 -0.23608
-27 -23 -0.397869 -0.313497
-27 -21 -0.497691 -0.37031
-27 -19 -0.497212 -0.332008
-27 -17 -0.508134 -0.307315
-27 -15 -0.526037 -0.281344
-27 -13 -0.559443 -0.260342
-27 -11 -0.575145 -0.227114
-27 -9 -0.60708 -0.19676
-27 -7 -0.627145 -0.158296
-27 -5 -0.645651 -0.117074
-27 -3 -0.655698 -0.0715619
-27 -1 -0.663129 -0.0245936
-27 1 -0.659177 0.0243409
-27 3 -0.655299 0.0715864
-27 5 -0.654323 0.119005
-27 7 -0.626722 0.158857
-27 9 -0.599627 0.194515
-27 11 -0.582571 0.230969
-27 13 -0.55247 0.257463
-27 15 -0.532779 0.284897
-27 17 -0.498482 0.295889
-27 19 -0.507698 0.337967
-27 21 -0.488635 0.360329
-27 23 -0.418581 0.335658
-27 25 -0.33842 0.29885
-27 27 -0.282059 0.271572
-27 29 -0.220902 0.22664
-27 31 -0.212241 0.235414
-27 33 -0.196795 0.238554
-27 35 -0.220696 0.266954
-27 37 -0.217398 0.30583
-27 39 -0.209091 0.255898
-27 41 -0.218863 0.338443
-27 43 -0.144191 0.200261
-27 45 -0.197277 0.392222
-27 47 -0.107178 0.16543
-27 49 -0.20127 0.335691
-27 51 -0.238085 0.274151
-27 53 -0.204825 0.305728
-27 55 -0.0629617 0.362584
-27 57 -0.0514803 0.146708
-27 59 -0.165126 0.334979
-25 -59 -0.110579 -0.255785
-25 -57 -0.165432 -0.228236
-25 -55 -0.0761056 -0.221631
-25 -53 -0.0733385 -0.272576
-25 -51 -0.111958 -0.35044
-25 -49 -0.0763481 -0.146474
-25 -47 -0.114411 -0.26289
-25 -45 -0.0719413 -0.127424
-25 -43 -0.0550129 -0.226945
-25 -41 -0.0983702 -0.161887
-25 -39 -0.176981 -0.271649
-25 -37 -0.100196 -0.21394
-25 -35 -0.0914288 -0.118745
-25 -33 -0.167027 -0.235197
-25 -31 -0.224092 -0.255169
-25 -29 -0.240804 -0.323002
-25 -27 -0.207478 -0.233146
-25 -25 -0.417787 -0.376899
-25 -23 -0.476762 -0.407359
-25 -21 -0.477291 -0.386764
-25 -19 -0.478821 -0.351557
-25 -17 -0.498214 -0.33043
-25 -15 -0.536834 -0.313612
-25 -13 -0.561601 -0.285817
-25 -11 -0.599978 -0.259845
-25 -9 -0.620261 -0.219397
-25 -7 -0.650275 -0.179681
-25 -5 -0.663315 -0.130924
-25 -3 -0.680735 -0.0803415
-25 -1 -0.673739 -0.0253118
-25 1 -0.690775 0.0274272
-25 3 -0.678936 0.0814596
-25 5 -0.667115 0.131413
-25 7 -0.649359 0.179933
-25 9 -0.629853 0.223527
-25 11 -0.597854 0.258893
-25 13 -0.558753 0.283942
-25 15 -0.538194 0.316592
-25 17 -0.511744 0.337635
-25 19 -0.48572 0.3561
-25 21 -0.473957 0.37948
-25 23 -0.463377 0.405956
-25 25 -0.393188 0.383609
-25 27 -0.247042 0.250844
-25 29 -0.252119 0.280071
-25 31 -0.209052 0.248424
-25 33 -0.189416 0.170848
-25 35 -0.151484 0.261866
-25 37 -0.145757 0.251721
-25 39 -0.192199 0.343284
-25 41 -0.126442 0.202651
-25 43 -0.166252 0.140622
-25 45 -0.0607452 0.144742
-25 47 -0.0788904 0.275133
-25 49 -0.0775315 0.229588
-25 51 -0.124694 0.290278
-25 53 -0.0833547 0.274221
-25 55 -0.128304 0.38357
-25 57 -0.131651 0.253614
-25 59 -0.181145 0.521768
-23 -59 -0.160897 -0.122507
-23 -57 -0.0982502 -0.287672
-23 -55 -0.0885367 -0.313318
-23 -53 -0.147487 -0.328309
-23 -51 -0.154951 -0.461616
-23 -49 -0.179703 -0.347499
-23 -47 -0.174594 -0.311286
-23 -45 -0.139841 -0.222982
-23 -43 -0.0491597 -0.153053
-23 -41 -0.136673 -0.239776
-23 -39 -0.103453 -0.218347
-23 -37 -0.153299 -0.295433
-23 -35 -0.188106 -0.237568
-23 -33 -0.168977 -0.233494
-23 -31 -0.157409 -0.226395
-23 -29 -0.22418 -0.270985
-23 -27 -0.386214 -0.431899
-23 -25 -0.441365 -0.450547
-23 -23 -0.431133 -0.412083
-23 -21 -0.459695 -0.4038
-23 -19 -0.471199 -0.38107
-23 -17 -0.5055 -0.365369
-23 -15 -0.548377 -0.351588
-23 -13 -0.57706 -0.322831
-23 -11 -0.614532 -0.292048
-23 -9 -0.632765 -0.245575
-23 -7 -0.647272 -0.195866
-23 -5 -0.653838 -0.142805
-23 -3 -0.665935 -0.0866923
-23 -1 -0.664064 -0.028039
-23 1 -0.665278 0.029842
-23 3 -0.667369 0.0878917
-23 5 -0.652868 0.140745
-23 7 -0.650036 0.197186
-23 9 -0.629249 0.245366
-23 11 -0.610014 0.291301
-23 13 -0.568728 0.318235
-23 15 -0.54374 0.349735
-23 17 -0.504999 0.368993
-23 19 -0.46563 0.374486
-23 21 -0.443246 0.391023
-23 23 -0.423178 0.405378
-23 25 -0.423033 0.433894
-23 27 -0.392659 0.430623
-23 29 -0.179926 0.259528
-23 31 -0.189373 0.34482
-23 33 -0.216378 0.3162
-23 35 -0.157106 0.225412
-23 37 -0.184221 0.317864
-23 39 -0.147944 0.264646
-23 41 -0.146462 0.2839
-23 43 -0.130394 0.225635
-23 45 -0.0896484 0.1357
-23 47 -0.233519 0.337264
-23 49 -0.100759 0.171775
-23 51 -0.0661056 0.162258
-23 53 -0.135108 0.232149
-23 55 -0.127939 0.172773
-23 57 -0.101942 0.290037
-23 59 -0.168988 0.469213
-21 -59 -0.154243 -0.173738
-21 -57 -0.0469883 -0.113379
-21 -55 -0.123606 -0.351234
-21 -53 -0.0851416 -0.309853
-21 -51 -0.0583738 -0.213322
-21 -49 -0.0850474 -0.237979
-21 -47 -0.0877746 -0.312264
-21 -45 -0.117674 -0.243084
-21 -43 -0.0865773 -0.26695
-21 -41 -0.0562718 -0.213165
-21 -39 -0.091891 -0.212331
-21 -37 -0.0941629 -0.169482
-21 -35 -0.199568 -0.305382
-21 -33 -0.212291 -0.327632
-21 -31 -0.175084 -0.299532
-21 -29 -0.32245 -0.428233
-21 -27 -0.372441 -0.455267
-21 -25 -0.39024 -0.446704
-21 -23 -0.392414 -0.414634
-21 -21 -0.423476 -0.415477
-21 -19 -0.460808 -0.412031
-21 -17 -0.498499 -0.39878
-21 -15 -0.542495 -0.384898
-21 -13 -0.568652 -0.352128
-21 -11 -0.593138 -0.311247
-21 -9 -0.602335 -0.258828
-21 -7 -0.605594 -0.204475
-21 -5 -0.608367 -0.146868
-21 -3 -0.609228 -0.0896881
-21 -1 -0.610186 -0.0304724
-21 1 -0.611968 0.0303789
-21 3 -0.609738 0.0880615
-21 5 -0.607759 0.147845
-21 7 -0.602759 0.202599
-21 9 -0.6002 0.259253
-21 11 -0.585557 0.309254
-21 13 -0.564851 0.348229
-21 15 -0.543263 0.386536
-21 17 -0.505534 0.406249
-21 19 -0.463029 0.411839
-21 21 -0.427162 0.417524
-21 23 -0.400707 0.428586
-21 25 -0.394772 0.449542
-21 27 -0.388594 0.481644
-21 29 -0.362376 0.480885
-21 31 -0.222765 0.360818
-21 33 -0.0922406 0.191729
-21 35 -0.161334 0.275161
-21 37 -0.126842 0.27101
-21 39 -0.18956 0.361758
-21 41 -0.158055 0.243841
-21 43 -0.0786268 0.18878
-21 45 -0.111226 0.250146
-21 47 -0.226241 0.358144
-21 49 -0.113476 0.246899
-21 51 -0.127927 0.247933
-21 53 -0.0608879 0.266812
-21 55 -0.107508 0.165972
-21 57 -0.0631303 0.0930484
-21 59 -0.170198 0.217126
-19 -59 -0.0497957 -0.411385
-19 -57 -0.0167476 -0.271046
-19 -55 -0.104329 -0.166145
-19 -53 -0.0813347 -0.133191
-19 -51 -0.0850248 -0.310015
-19 -49 -0.0723106 -0.274296
-19 -47 -0.175205 -0.452895
-19 -45 -0.0996898 -0.195569
-19 -43 -0.100284 -0.261629
-19 -41 -0.118516 -0.267499
-19 -39 -0.0669343 -0.190787
-19 -37 -0.106125 -0.20137
-19 -35 -0.176315 -0.323112
-19 -33 -0.164628 -0.188494
-19 -31 -0.291891 -0.470252
-19 -29 -0.348783 -0.502804
-19 -27 -0.345227 -0.468682
-19 -25 -0.370115 -0.473554
-19 -23 -0.381214 -0.454045
-19 -21 -0.42357 -0.464111
-19 -19 -0.455998 -0.454643
-19 -17 -0.489207 -0.437649
-19 -15 -0.5202 -0.413476
-19 -13 -0.53182 -0.368744
-19 -11 -0.535973 -0.314838
-19 -9 -0.544995 -0.26527
-19 -7 -0.542687 -0.206339
-19 -5 -0.543223 -0.146167
-19 -3 -0.546389 -0.0895212
-19 -1 -0.543412 -0.0293259
-19 1 -0.540493 0.0284277
-19 3 -0.543771 0.0886267
-19 5 -0.542344 0.146809
-19 7 -0.543653 0.205853
-19 9 -0.542765 0.263272
-19 11 -0.53835 0.317632
-19 13 -0.533981 0.369552
-19 15 -0.519191 0.412779
-19 17 -0.490516 0.440212
-19 19 -0.45593 0.455782
-19 21 -0.412585 0.45188
-19 23 -0.373176 0.443934
-19 25 -0.353801 0.451274
-19 27 -0.345285 0.470977
-19 29 -0.337096 0.495045
-19 31 -0.255294 0.418728
-19 33 -0.154929 0.347899
-19 35 -0.11665 0.220927
-19 37 -0.182915 0.309742
-19 39 -0.130251 0.2632
-19 41 -0.105785 0.208501
-19 43 -0.122974 0.329638
-19 45 -0.10389 0.258433
-19 47 -0.0867749 0.244675
-19 49 -0.129284 0.268613
-19 51 -0.19092 0.371859
-19 53 -0.101599 0.310644
-19 55 -0.0747672 0.182519
-19 57 -0.079143 0.386882
-19 59 -0.0970276 0.48974
-17 -59 -0.0109025 -0.272194
-17 -57 -0.107015 -0.349819
-17 -55 -0.0448975 -0.15914
-17 -53 -0.0837833 -0.269501
-17 -51 -0.128217 -0.485717
-17 -49 -0.0932028 -0.234903
-17 -47 -0.110584 -0.295495
-17 -45 -0.0574824 -0.226335
-17 -43 -0.115571 -0.29306
-17 -41 -0.0777708 -0.240764
-17 -39 -0.188301 -0.344713
-17 -37 -0.14498 -0.408536
-17 -35 -0.126068 -0.27676
-17 -33 -0.205551 -0.398869
-17 -31 -0.296068 -0.516324
-17 -29 -0.307958 -0.505027
-17 -27 -0.310016 -0.4822
-17 -25 -0.324632 -0.473631
-17 -23 -0.354724 -0.477964
-17 -21 -0.404675 -0.501699
-17 -19 -0.434631 -0.49129
-17 -17 -0.452744 -0.460485
-17 -15 -0.476247 -0.431089
-17 -13 -0.479831 -0.378418
-17 -11 -0.476815 -0.320793
-17 -9 -0.476913 -0.264078
-17 -7 -0.471958 -0.204562
-17 -5 -0.469403 -0.147455
-17 -3 -0.468793 -0.0883844
-17 -1 -0.468046 -0.0298515
-17 1 -0.466375 0.0303283
-17 3 -0.468374 0.0872852
-17 5 -0.472511 0.147518
-17 7 -0.4728 0.20489
-17 9 -0.476057 0.264554
-17 11 -0.472869 0.319031
-17 13 -0.475914 0.376179
-17 15 -0.473266 0.425935
-17 17 -0.454817 0.461316
-17 19 -0.433992 0.491491
-17 21 -0.397709 0.494956
-17 23 -0.357543 0.483908
-17 25 -0.333938 0.485631
-17 27 -0.311649 0.483421
-17 29 -0.309431 0.50695
-17 31 -0.31928 0.564469
-17 33 -0.185227 0.367103
-17 35 -0.14128 0.236485
-17 37 -0.108836 0.212291
-17 39 -0.128711 0.292882
-17 41 -0.126892 0.203049
-17 43 -0.111838 0.258669
-17 45 -0.15866 0.40024
-17 47 -0.0104733 0.128603
-17 49 -0.0889677 0.230869
-17 51 -0.0821731 0.347889
-17 53 -0.0978941 0.0212806
-17 55 -0.115485 0.200497
-17 57 -0.00860657 0.31925
-17 59 -0.113508 0.158577
-15 -59 -0.116511 -0.328398
-15 -57 -0.0561004 -0.206483
-15 -55 -0.128373 -0.169941
-15 -53 -0.106492 -0.204513
-15 -51 -0.0904776 -0.435425
-15 -49 -0.0965036 -0.292239
-15 -47 -0.103001 -0.266252
-15 -45 -0.203207 -0.468471
-15 -43 -0.11152 -0.253029
-15 -41 -0.112354 -0.297409
-15 -39 -0.0618731 -0.268201
-15 -37 -0.167308 -0.473974
-15 -35 -0.120997 -0.269747
-15 -33 -0.206578 -0.425582
-15 -31 -0.27289 -0.552423
-15 -29 -0.266355 -0.50433
-15 -27 -0.280697 -0.500148
-15 -25 -0.303238 -0.506862
-15 -23 -0.332689 -0.514736
-15 -21 -0.369522 -0.526171
-15 -19 -0.393274 -0.512757
-15 -17 -0.403362 -0.472632
-15 -15 -0.408586 -0.428778
-15 -13 -0.408249 -0.372668
-15 -11 -0.407452 -0.318259
-15 -9 -0.402408 -0.260398
-15 -7 -0.399967 -0.202911
-15 -5 -0.395106 -0.144512
-15 -3 -0.393086 -0.0866264
-15 -1 -0.391395 -0.0282752
-15 1 -0.390868 0.0294085
-15 3 -0.392118 0.0857141
-15 5 -0.396051 0.145026
-15 7 -0.398209 0.202279
-15 9 -0.402967 0.261057
-15 11 -0.407425 0.319987
-15 13 -0.407731 0.374547
-15 15 -0.411807 0.429807
-15 17 -0.406784 0.476947
-15 19 -0.388113 0.505467
-15 21 -0.362142 0.517134
-15 23 -0.337361 0.52308
-15 25 -0.298464 0.496046
-15 27 -0.280922 0.499067
-15 29 -0.269484 0.512539
-15 31 -0.269567 0.53206
-15 33 -0.232337 0.484622
-15 35 -0.13081 0.386916
-15 37 -0.146128 0.304499
-15 39 -0.156796 0.337108
-15 41 -0.1353 0.337215
-15 43 -0.0535166 0.183278
-15 45 -0.0557064 0.205004
-15 47 -0.0741403 0.213846
-15 49 -0.0648801 0.163048
-15 51 -0.0375116 0.216635
-15 53 -0.172604 0.562642
-15 55 -0.0426076 0.179056
-15 57 -0.0858496 0.283468
-15 59 -0.0668368 0.223429
-13 -59 0.0152778 -0.167099
-13 -57 -0.0149521 -0.417182
-13 -55 -0.0614571 -0.169304
-13 -53 -0.0589116 -0.337555
-13 -51 0.0688978 -0.217337
-13 -49 -0.112201 -0.324744
-13 -47 -0.0788512 -0.242248
-13 -45 -0.067464 -0.161103
-13 -43 -0.0442031 -0.368901
-13 -41 -0.0829944 -0.250533
-13 -39 -0.107844 -0.242989
-13 -37 -0.0519263 -0.243733
-13 -35 -0.174875 -0.455594
-13 -33 -0.2154 -0.528469
-13 -31 -0.223973 -0.526221
-13 -29 -0.234693 -0.519326
-13 -27 -0.244894 -0.516496
-13 -25 -0.269788 -0.527715
-13 -23 -0.300942 -0.549447
-13 -21 -0.320278 -0.539753
-13 -19 -0.337957 -0.51865
-13 -17 -0.342779 -0.476582
-13 -15 -0.343446 -0.429818
-13 -13 -0.342213 -0.373519
-13 -11 -0.337019 -0.315031
-13 -9 -0.331738 -0.257659
-13 -7 -0.325886 -0.20075
-13 -5 -0.322191 -0.142759
-13 -3 -0.318659 -0.0849515
-13 -1 -0.314871 -0.0290303
-13 1 -0.315903 0.0279554
-13 3 -0.317596 0.0855785
-13 5 -0.321058 0.142626
-13 7 -0.326755 0.201164
-13 9 -0.331857 0.258314
-13 11 -0.337149 0.315337
-13 13 -0.340728 0.371524
-13 15 -0.344642 0.429256
-13 17 -0.344273 0.47852
-13 19 -0.337891 0.519146
-13 21 -0.324482 0.54651
-13 23 -0.303244 0.553266
-13 25 -0.269461 0.527667
-13 27 -0.242385 0.506475
-13 29 -0.231633 0.514288
-13 31 -0.227787 0.535718
-13 33 -0.209089 0.512912
-13 35 -0.135388 0.400931
-13 37 -0.0369177 0.239792
-13 39 -0.122254 0.332509
-13 41 -0.0739898 0.272878
-13 43 -0.0660245 0.290616
-13 45 -0.114393 0.268268
-13 47 -0.0807981 0.383559
-13 49 -0.0558076 0.317576
-13 51 -0.02876 0.159003
-13 53 -0.0829441 0.241973
-13 55 -0.0886724 0.200813
-13 57 -0.114968 0.34186
-13 59 -0.0955512 0.275231
-11 -59 -0.132807 -0.195074
-11 -57 -0.0503046 -0.250878
-11 -55 -0.0807632 -0.156708
-11 -53 -0.0661009 -0.254436
-11 -51 -0.0642255 -0.297536
-11 -49 -0.0570671 -0.332517
-11 -47 -0.0399861 -0.313531
-11 -45 -0.118396 -0.247764
-11 -43 -0.0509428 -0.374863
-11 -41 -0.0772671 -0.278431
-11 -39 -0.0779201 -0.297118
-11 -37 -0.132643 -0.375415
-11 -35 -0.122873 -0.439205
-11 -33 -0.176667 -0.53046
-11 -31 -0.18889 -0.533113
-11 -29 -0.194645 -0.518193
-11 -27 -0.212168 -0.532232
-11 -25 -0.235401 -0.554333
-11 -23 -0.25765 -0.565247
-11 -21 -0.273507 -0.558589
-11 -19 -0.279264 -0.524123
-11 -17 -0.281472 -0.478694
-11 -15 -0.279373 -0.426894
-11 -13 -0.275906 -0.371439
-11 -11 -0.267203 -0.310279
-11 -9 -0.261745 -0.254114
-11 -7 -0.254817 -0.19613
-11 -5 -0.247701 -0.1399
-11 -3 -0.242378 -0.0818528
-11 -1 -0.239469 -0.0274821
-11 1 -0.238471 0.0270387
-11 3 -0.244019 0.0832191
-11 5 -0.248657 0.139125
-11 7 -0.252531 0.1939
-11 9 -0.261981 0.252882
-11 11 -0.268165 0.312513
-11 13 -0.272441 0.36973
-11 15 -0.278048 0.424752
-11 17 -0.282726 0.481144
-11 19 -0.282556 0.527985
-11 21 -0.269346 0.550812
-11 23 -0.257119 0.569576
-11 25 -0.235555 0.560092
-11 27 -0.21235 0.533834
-11 29 -0.197528 0.526732
-11 31 -0.192035 0.543087
-11 33 -0.188863 0.54395
-11 35 -0.15679 0.475448
-11 37 -0.109583 0.282114
-11 39 -0.0670983 0.394483
-11 41 -0.0944362 0.435018
-11 43 -0.0586912 0.290728
-11 45 -0.100467 0.323075
-11 47 -0.112657 0.341821
-11 49 -0.0729617 0.227967
-11 51 0.0121233 0.268459
-11 53 -0.0513352 0.231795
-11 55 -0.0271789 0.21049
-11 57 -0.0341553 0.223826
-11 59 -0.0291763 0.0108262
-9 -59 -0.135725 -1.05578
-9 -57 -0.0659456 -0.435571
-9 -55 -0.0319189 -0.157277
-9 -53 -0.0694166 -0.301433
-9 -51 -0.00993455 -0.235747
-9 -49 -0.090198 -0.22225
-9 -47 -0.046128 -0.333662
-9 -45 -0.0232675 -0.279661
-9 -43 -0.0635114 -0.292821
-9 -41 -0.0678588 -0.267729
-9 -39 -0.0178787 -0.312452
-9 -37 -0.0724762 -0.292673
-9 -35 -0.122343 -0.467514
-9 -33 -0.149188 -0.544769
-9 -31 -0.154477 -0.545963
-9 -29 -0.162447 -0.542421
-9 -27 -0.174598 -0.554512
-9 -25 -0.194683 -0.577423
-9 -23 -0.208811 -0.579417
-9 -21 -0.216776 -0.562345
-9 -19 -0.22051 -0.525429
-9 -17 -0.216417 -0.47394
-9 -15 -0.213517 -0.421903
-9 -13 -0.207407 -0.363447
-9 -11 -0.20138 -0.308811
-9 -9 -0.192689 -0.249409
-9 -7 -0.185757 -0.192752
-9 -5 -0.176188 -0.134054
-9 -3 -0.168139 -0.0785207
-9 -1 -0.162322 -0.0255038
-9 1 -0.162504 0.025957
-9 3 -0.167464 0.0785608
-9 5 -0.175931 0.134294
-9 7 -0.184487 0.191944
-9 9 -0.193946 0.250603
-9 11 -0.199538 0.305058
-9 13 -0.207545 0.365017
-9 15 -0.212696 0.42114
-9 17 -0.215675 0.474664
-9 19 -0.220847 0.525236
-9 21 -0.217564 0.562984
-9 23 -0.205582 0.573315
-9 25 -0.195591 0.580012
-9 27 -0.174722 0.553805
-9 29 -0.158128 0.528464
-9 31 -0.153367 0.540818
-9 33 -0.153495 0.551981
-9 35 -0.137258 0.555711
-9 37 -0.0478024 0.212007
-9 39 -0.0837936 0.242681
-9 41 -0.060699 0.293013
-9 43 -0.0441514 0.307962
-9 45 -0.0356031 0.25684
-9 47 -0.000294808 0.251476
-9 49 -0.0369437 0.244902
-9 51 -0.0180563 0.370636
-9 53 -0.0319013 0.31173
-9 55 -0.0784365 0.181037
-9 57 -0.0968819 0.685987
-9 59 0.0107286 0.148318
-7 -59 0.117556 -0.188321
-7 -57 0.056613 -0.220219
-7 -55 -0.010404 -0.176325
-7 -53 -0.0415118 -0.365324
-7 -51 -0.101341 -0.308955
-7 -49 0.00802556 -0.286728
-7 -47 -0.0721979 -0.287233
-7 -45 -0.0497795 -0.324583
-7 -43 -0.0441658 -0.289504
-7 -41 -0.0441553 -0.246384
-7 -39 -0.0678555 -0.228249
-7 -37 -0.101562 -0.420039
-7 -35 -0.104927 -0.543483
-7 -33 -0.114802 -0.564073
-7 -31 -0.116606 -0.543162
-7 -29 -0.120341 -0.539078
-7 -27 -0.135196 -0.567314
-7 -25 -0.144349 -0.57921
-7 -23 -0.156791 -0.591781
-7 -21 -0.156931 -0.557676
-7 -19 -0.159238 -0.524053
-7 -17 -0.153904 -0.470766
-7 -15 -0.149536 -0.41699
-7 -13 -0.142993 -0.36002
-7 -11 -0.135844 -0.301009
-7 -9 -0.128545 -0.245301
-7 -7 -0.118944 -0.185522
-7 -5 -0.108444 -0.127817
-7 -3 -0.0996911 -0.0752203
-7 -1 -0.0942039 -0.0242381
-7 1 -0.0937411 0.0247242
-7 3 -0.0989867 0.0735145
-7 5 -0.106739 0.127744
-7 7 -0.118331 0.187213
-7 9 -0.128162 0.243851
-7 11 -0.136209 0.301422
-7 13 -0.142888 0.360274
-7 15 -0.148928 0.416011
-7 17 -0.153492 0.468547
-7 19 -0.157017 0.520457
-7 21 -0.159002 0.560634
-7 23 -0.155004 0.583288
-7 25 -0.144583 0.581439
-7 27 -0.131903 0.558708
-7 29 -0.121787 0.539671
-7 31 -0.114376 0.533043
-7 33 -0.11418 0.542995
-7 35 -0.117098 0.574692
-7 37 -0.0518757 0.404995
-7 39 -0.0589327 0.313603
-7 41 -0.0514044 0.23923
-7 43 -0.0357329 0.0971317
-7 45 -0.063932 0.446281
-7 47 -0.0591439 0.176108
-7 49 -0.0312626 0.206665
-7 51 -0.0441283 0.292267
-7 53 0.00453017 0.206325
-7 55 -0.0595947 0.180484
-7 57 0.0152334 0.266628
-7 59 -0.0285361 0.233953
-5 -59 -0.0362278 -0.326351
-5 -57 0.00892289 -0.197897
-5 -55 -0.0325958 -0.262361
-5 -53 -0.0219098 -0.339612
-5 -51 -0.0576442 -0.312551
-5 -49 -0.0479591 -0.307807
-5 -47 0.0324325 -0.258214
-5 -45 -0.0123925 -0.227669
-5 -43 -0.0616801 -0.384383
-5 -41 0.048569 -0.276974
-5 -39 -0.0670467 -0.332589
-5 -37 -0.0209928 -0.290246
-5 -35 -0.0751015 -0.535015
-5 -33 -0.0761981 -0.552913
-5 -31 -0.0784633 -0.539581
-5 -29 -0.0813997 -0.541196
-5 -27 -0.0879923 -0.557204
-5 -25 -0.0964636 -0.588489
-5 -23 -0.101209 -0.587814
-5 -21 -0.100511 -0.562121
-5 -19 -0.0969026 -0.514619
-5 -17 -0.0932977 -0.465045
-5 -15 -0.087106 -0.408108
-5 -13 -0.0817194 -0.355647
-5 -11 -0.0736139 -0.298067
-5 -9 -0.0647298 -0.241417
-5 -7 -0.0551761 -0.181147
-5 -5 -0.0460669 -0.124024
-5 -3 -0.0381289 -0.0723342
-5 -1 -0.0350138 -0.0238453
-5 1 -0.0358248 0.0244183
-5 3 -0.0383877 0.0718651
-5 5 -0.0457041 0.124155
-5 7 -0.054787 0.181649
-5 9 -0.0657681 0.240859
-5 11 -0.0736717 0.299715
-5 13 -0.0809667 0.354735
-5 15 -0.0872362 0.413245
-5 17 -0.0929557 0.466734
-5 19 -0.0975311 0.515617
-5 21 -0.100521 0.553104
-5 23 -0.0987139 0.577856
-5 25 -0.096642 0.584586
-5 27 -0.0887104 0.563072
-5 29 -0.0812153 0.540767
-5 31 -0.0784024 0.534375
-5 33 -0.0745916 0.546552
-5 35 -0.0703681 0.540893
-5 37 -0.0484338 0.435507
-5 39 -0.0242396 0.278456
-5 41 -0.054134 0.256087
-5 43 -0.0135945 0.268422
-5 45 -0.00727012 0.248123
-5 47 -0.0194475 0.237934
-5 49 -0.0553269 0.264354
-5 51 -0.0520612 0.312632
-5 53 0.00334767 0.142341
-5 55 -0.0566244 0.289634
-5 57 -0.0158737 0.526548
-5 59 -0.0516485 0.417657
-3 -59 0.124449 -0.396103
-3 -57 -0.0661512 -0.284124
-3 -55 -0.00369677 -0.220768
-3 -53 0.0612833 -0.174416
-3 -51 -0.00189407 -0.194673
-3 -49 -0.0762547 -0.298452
-3 -47 0.0546553 -0.19064
-3 -45 -0.0189286 -0.422138
-3 -43 -0.0289037 -0.288259
-3 -41 -0.0160357 -0.348708
-3 -39 -0.0472676 -0.262322
-3 -37 -0.0092275 -0.407983
-3 -35 -0.0371617 -0.586362
-3 -33 -0.0412384 -0.5612
-3 -31 -0.0409719 -0.534889
-3 -29 -0.0424361 -0.545364
-3 -27 -0.0440424 -0.560039
-3 -25 -0.0461087 -0.582101
-3 -23 -0.0460811 -0.573682
-3 -21 -0.0429263 -0.551129
-3 -19 -0.0395108 -0.511347
-3 -17 -0.0349455 -0.4601
-3 -15 -0.0287318 -0.407812
-3 -13 -0.0211027 -0.350089
-3 -11 -0.0146109 -0.293432
-3 -9 -0.00614049 -0.236813
-3 -7 0.00164376 -0.178695
-3 -5 0.00907677 -0.123859
-3 -3 0.0146613 -0.0732144
-3 -1 0.0169407 -0.0231695
-3 1 0.0161692 0.0238791
-3 3 0.0140877 0.0722938
-3 5 0.00925989 0.123309
-3 7 0.00154671 0.179566
-3 9 -0.007233 0.23579
-3 11 -0.0142155 0.292816
-3 13 -0.0226597 0.348896
-3 15 -0.0278392 0.406613
-3 17 -0.0339192 0.457264
-3 19 -0.0403176 0.506763
-3 21 -0.0422802 0.554308
-3 23 -0.0461263 0.578252
-3 25 -0.0466673 0.581401
-3 27 -0.0441925 0.562991
-3 29 -0.042383 0.540129
-3 31 -0.0424038 0.53801
-3 33 -0.0393995 0.551
-3 35 -0.0410561 0.5588
-3 37 -0.02267 0.35343
-3 39 0.0325267 0.284163
-3 41 -0.00771188 0.211283
-3 43 -0.022965 0.282415
-3 45 -0.0183173 0.382049
-3 47 -0.0239674 0.273903
-3 49 0.00961638 0.249859
-3 51 -0.00638025 0.262798
-3 53 -0.00928307 0.533791
-3 55 -0.0169463 0.346657
-3 57 -0.0245352 0.449778
-3 59 0.0124245 0.319366
-1 -59 -0.00678584 -0.214914
-1 -57 0.055325 -0.24432
-1 -55 -0.00387255 -0.235869
-1 -53 0.0225081 -0.264228
-1 -51 0.0310707 -0.440508
-1 -49 -0.0254127 -0.308892
-1 -47 0.00388266 -0.220274
-1 -45 -0.0289596 -0.228043
-1 -43 -0.0224802 -0.291694
-1 -41 -0.0206148 -0.269879
-1 -39 0.0055724 -0.273132
-1 -37 0.00747617 -0.322204
-1 -35 -0.00410921 -0.57302
-1 -33 -0.00444604 -0.553675
-1 -31 -0.00334444 -0.533789
-1 -29 -0.00305291 -0.54146
-1 -27 -0.000546992 -0.559635
-1 -25 0.00383785 -0.574822
-1 -23 0.00695062 -0.569586
-1 -21 0.0112948 -0.537234
-1 -19 0.0176898 -0.50025
-1 -17 0.0225604 -0.454405
-1 -15 0.0279392 -0.400798
-1 -13 0.0345727 -0.34606
-1 -11 0.0401082 -0.290189
-1 -9 0.0455309 -0.233684
-1 -7 0.0531624 -0.178733
-1 -5 0.0599726 -0.124467
-1 -3 0.0624954 -0.0730508
-1 -1 0.0629784 -0.0247988
-1 1 0.0631959 0.0251061
-1 3 0.0614788 0.0740676
-1 5 0.0580979 0.125125
-1 7 0.0529384 0.180012
-1 9 0.0466672 0.23314
-1 11 0.0397165 0.289579
-1 13 0.033407 0.342151
-1 15 0.0268154 0.399483
-1 17 0.0219106 0.451643
-1 19 0.0150558 0.501423
-1 21 0.0109726 0.541591
-1 23 0.00660588 0.57313
-1 25 0.0015515 0.567514
-1 27 0.00173321 0.558568
-1 29 -0.00317725 0.546487
-1 31 -0.003648 0.525232
-1 33 -0.00687826 0.54899
-1 35 -0.0109146 0.570561
-1 37 -0.00803606 0.338076
-1 39 -0.0425484 0.2158
-1 41 0.00278089 0.241347
-1 43 0.00148757 0.282469
-1 45 -0.00478325 0.326985
-1 47 -0.0198298 0.286674
-1 49 -0.0557082 0.297441
-1 51 -0.0235887 0.266052
-1 53 0.0117682 0.110932
-1 55 -0.00100272 0.256632
-1 57 0.00619253 0.312824
-1 59 0.0993182 0.326565
1 -59 0.0087094 -0.327511
1 -57 -0.00968146 -0.195685
1 -55 -0.030194 -0.353312
1 -53 -0.012903 -0.243614
1 -51 -0.0222512 -0.307947
1 -49 -0.00595945 -0.250802
1 -47 -0.0232098 -0.294703
1 -45 0.0322585 -0.302638
1 -43 0.036762 -0.205592
1 -41 0.0461261 -0.220417
1 -39 0.00777659 -0.290228
1 -37 0.0306744 -0.411823
1 -35 0.0318901 -0.591004
1 -33 0.0321283 -0.553345
1 -31 0.0330551 -0.534874
1 -29 0.0359107 -0.532418
1 -27 0.0401006 -0.543542
1 -25 0.049547 -0.562203
1 -23 0.0575921 -0.553933
1 -21 0.0647899 -0.538558
1 -19 0.0695895 -0.493107
1 -17 0.076031 -0.44865
1 -15 0.0813408 -0.397021
1 -13 0.0869722 -0.337828
1 -11 0.0909913 -0.283884
1 -9 0.0955741 -0.229634
1 -7 0.10019 -0.17746
1 -5 0.104516 -0.12382
1 -3 0.106457 -0.0739379
1 -1 0.106381 -0.0233099
1 1 0.107872 0.0236824
1 3 0.105311 0.0741818
1 5 0.104606 0.12504
1 7 0.100803 0.176131
1 9 0.095881 0.230802
1 11 0.0925694 0.285343
1 13 0.0851534 0.338528
1 15 0.0818187 0.395673
1 17 0.0756759 0.445189
1 19 0.0707298 0.494131
1 21 0.0632317 0.531514
1 23 0.0577179 0.559138
1 25 0.0481073 0.552017
1 27 0.0420663 0.541583
1 29 0.0347315 0.528032
1 31 0.0302896 0.51872
1 33 0.0293155 0.554266
1 35 0.0299018 0.582115
1 37 0.0245216 0.418215
1 39 0.0119638 0.19934
1 41 0.020845 0.471141
1 43 0.0228797 0.304085
1 45 0.0311182 0.322055
1 47 -0.0378173 0.170558
1 49 0.0303411 0.386878
1 51 -0.0214782 0.179211
1 53 0.0253146 0.362722
1 55 -0.0748615 0.291517
1 57 0.0627017 0.321476
1 59 -0.0139622 0.293745
3 -59 -0.0119253 -0.280616
3 -57 0.00860073 -0.310107
3 -55 -0.0441193 -0.185518
3 -53 0.0379668 -0.307377
3 -51 0.0480231 -0.235517
3 -49 0.0577997 -0.379462
3 -47 0.0323659 -0.257605
3 -45 0.0203397 -0.247755
3 -43 0.0101252 -0.279414
3 -41 0.0502326 -0.375165
3 -39 0.026503 -0.230805
3 -37 0.0339096 -0.401576
3 -35 0.0704818 -0.62029
3 -33 0.0669484 -0.546977
3 -31 0.0683399 -0.526264
3 -29 0.0720542 -0.511559
3 -27 0.0806306 -0.530543
3 -25 0.0930192 -0.539304
3 -23 0.104949 -0.545925
3 -21 0.114543 -0.523738
3 -19 0.119571 -0.481473
3 -17 0.12557 -0.436732
3 -15 0.132154 -0.38908
3 -13 0.136393 -0.339528
3 -11 0.139198 -0.281266
3 -9 0.143889 -0.228424
3 -7 0.1458 -0.174464
3 -5 0.149153 -0.124393
3 -3 0.151439 -0.0735557
3 -1 0.151807 -0.0252108
3 1 0.150129 0.0247766
3 3 0.148822 0.0736534
3 5 0.148892 0.122891
3 7 0.145971 0.176511
3 9 0.143249 0.227181
3 11 0.139415 0.281764
3 13 0.135376 0.33483
3 15 0.131911 0.390833
3 17 0.12669 0.441359
3 19 0.12036 0.482964
3 21 0.113228 0.51851
3 23 0.104834 0.541257
3 25 0.0927252 0.539889
3 27 0.0817259 0.528375
3 29 0.0728322 0.521149
3 31 0.0691991 0.528186
3 33 0.0641116 0.549886
3 35 0.0675829 0.582526
3 37 0.0531571 0.429141
3 39 0.0243839 0.314006
3 41 -0.0148181 0.236943
3 43 0.00579859 0.371661
3 45 -0.0263834 0.368164
3 47 0.0628923 0.311136
3 49 0.0429657 0.236715
3 51 0.0338846 0.496936
3 53 0.0110863 0.207534
3 55 0.0861173 0.212212
3 57 0.0632996 0.296662
3 59 0.04942 0.303095
5 -59 0.010262 -0.182126
5 -57 -0.0130514 -0.284486
5 -55 0.113503 -0.344429
5 -53 0.0665126 -0.316672
5 -51 0.0702951 -0.233884
5 -49 -0.0364813 -0.192386
5 -47 0.0137915 -0.241054
5 -45 0.0589405 -0.191387
5 -43 -0.0175141 -0.291738
5 -41 0.0036147 -0.218956
5 -39 0.0616686 -0.279837
5 -37 0.0382439 -0.425627
5 -35 0.100089 -0.58109
5 -33 0.102173 -0.556278
5 -31 0.100578 -0.50954
5 -29 0.106731 -0.501162
5 -27 0.120051 -0.516311
5 -25 0.129276 -0.51166
5 -23 0.145055 -0.517911
5 -21 0.160183 -0.506363
5 -19 0.166213 -0.467907
5 -17 0.176568 -0.435368
5 -15 0.182166 -0.384817
5 -13 0.184377 -0.332112
5 -11 0.186251 -0.280924
5 -9 0.189264 -0.226237
5 -7 0.192382 -0.175008
5 -5 0.193642 -0.12472
5 -3 0.190465 -0.0738471
5 -1 0.192172 -0.0233896
5 1 0.192802 0.0254025
5 3 0.192192 0.0746274
5 5 0.190392 0.122724
5 7 0.19133 0.174044
5 9 0.190172 0.227105
5 11 0.18623 0.27621
5 13 0.183537 0.332413
5 15 0.178145 0.380013
5 17 0.175257 0.431964
5 19 0.167336 0.468615
5 21 0.161233 0.508543
5 23 0.149811 0.532522
5 25 0.129719 0.514048
5 27 0.117221 0.511541
5 29 0.106621 0.4994
5 31 0.10605 0.526332
5 33 0.0980264 0.531509
5 35 0.0990186 0.516608
5 37 0.0603833 0.337549
5 39 0.0174912 0.255271
5 41 0.0493146 0.302536
5 43 0.0814715 0.243829
5 45 0.0440455 0.116391
5 47 0.0195853 0.238225
5 49 0.0427886 0.24432
5 51 0.0293261 0.211207
5 53 0.0735212 0.258368
5 55 0.0539677 0.459178
5 57 0.00243033 0.139384
5 59 0.0343556 0.243767
7 -59 -0.0424982 -0.15657
7 -57 0.032847 -0.513035
7 -55 -0.0293998 -0.142108
7 -53 0.0109923 -0.228614
7 -51 0.0904388 -0.135815
7 -49 0.0498405 -0.300389
7 -47 0.105972 -0.330845
7 -45 0.0143715 -0.262153
7 -43 0.0936278 -0.276198
7 -41 0.0415603 -0.225252
7 -39 0.0373283 -0.31859
7 -37 0.0447383 -0.248014
7 -35 0.107675 -0.503864
7 -33 0.136026 -0.539632
7 -31 0.136904 -0.517866
7 -29 0.138762 -0.489097
7 -27 0.153087 -0.498231
7 -25 0.168531 -0.50169
7 -23 0.185439 -0.503249
7 -21 0.201148 -0.488749
7 -19 0.211217 -0.456989
7 -17 0.219376 -0.418674
7 -15 0.227579 -0.378108
7 -13 0.229188 -0.326265
7 -11 0.231186 -0.27548
7 -9 0.232451 -0.224003
7 -7 0.235123 -0.173049
7 -5 0.235289 -0.123008
7 -3 0.235281 -0.0726969
7 -1 0.233848 -0.0239917
7 1 0.23447 0.0250052
7 3 0.235049 0.0731047
7 5 0.236333 0.123439
7 7 0.234795 0.173297
7 9 0.23409 0.224706
7 11 0.233456 0.276898
7 13 0.231238 0.331099
7 15 0.226322 0.377435
7 17 0.221198 0.42424
7 19 0.211876 0.460661
7 21 0.19733 0.482246
7 23 0.18462 0.502973
7 25 0.166577 0.498012
7 27 0.152649 0.4963
7 29 0.140631 0.491507
7 31 0.13626 0.516998
7 33 0.143296 0.565677
7 35 0.113758 0.502921
7 37 0.0359211 0.207698
7 39 0.0210418 0.212003
7 41 0.0952396 0.30226
7 43 0.0744414 0.285605
7 45 0.0227348 0.271427
7 47 0.0533916 0.299846
7 49 0.0398083 0.362492
7 51 -0.016699 0.144002
7 53 0.0330186 0.266385
7 55 0.0537007 0.258988
7 57 0.113331 0.23589
7 59 0.0159813 0.17316
9 -59 0.0679605 -0.240063
9 -57 0.0732471 -0.217637
9 -55 -0.0430476 -0.262544
9 -53 0.0551679 -0.278992
9 -51 0.0741518 -0.307327
9 -49 0.0830674 -0.309495
9 -47 0.0756157 -0.317857
9 -45 0.184697 -0.34296
9 -43 0.0298752 -0.187821
9 -41 0.0666971 -0.266587
9 -39 0.0619395 -0.253025
9 -37 0.106998 -0.271934
9 -35 0.144142 -0.466318
9 -33 0.170151 -0.550874
9 -31 0.168305 -0.505183
9 -29 0.173616 -0.488676
9 -27 0.181429 -0.472504
9 -25 0.200577 -0.482151
9 -23 0.21586 -0.473925
9 -21 0.23753 -0.471694
9 -19 0.25283 -0.447389
9 -17 0.261617 -0.410674
9 -15 0.26972 -0.370325
9 -13 0.273146 -0.321136
9 -11 0.276238 -0.272569
9 -9 0.278735 -0.222681
9 -7 0.277927 -0.173094
9 -5 0.279048 -0.124281
9 -3 0.278953 -0.0743535
9 -1 0.280129 -0.023562
9 1 0.279782 0.0234196
9 3 0.277765 0.0734833
9 5 0.279425 0.124789
9 7 0.281631 0.174403
9 9 0.278424 0.223445
9 11 0.275783 0.273756
9 13 0.272505 0.3223
9 15 0.269533 0.370414
9 17 0.259875 0.407889
9 19 0.248334 0.439545
9 21 0.23433 0.46242
9 23 0.216185 0.474776
9 25 0.198676 0.474518
9 27 0.17906 0.466858
9 29 0.168628 0.471714
9 31 0.171938 0.515247
9 33 0.17669 0.560661
9 35 0.128029 0.431161
9 37 0.0615597 0.307038
9 39 0.0337909 0.28311
9 41 0.0590003 0.207012
9 43 0.0472535 0.167389
9 45 0.0871314 0.297082
9 47 0.0430386 0.211516
9 49 0.118094 0.445355
9 51 0.015671 0.30036
9 53 0.141221 0.309008
9 55 0.126971 0.234368
9 57 0.0375746 0.392825
9 59 -0.0963344 -0.0361795
11 -59 0.0805716 -0.222384
11 -57 0.0880686 -0.179717
11 -55 0.0456331 -0.249309
11 -53 0.0536317 -0.109235
11 -51 0.0140811 -0.185212
11 -49 0.0316159 -0.154371
11 -47 0.0933825 -0.184629
11 -45 0.0992726 -0.323352
11 -43 0.0758415 -0.258878
11 -41 0.0779689 -0.273192
11 -39 0.0743518 -0.228552
11 -37 0.0885832 -0.276338
11 -35 0.141733 -0.374152
11 -33 0.191164 -0.503873
11 -31 0.206194 -0.511498
11 -29 0.204874 -0.476479
11 -27 0.207895 -0.451519
11 -25 0.227293 -0.454838
11 -23 0.246358 -0.451025
11 -21 0.265528 -0.442408
11 -19 0.286929 -0.427611
11 -17 0.300563 -0.400334
11 -15 0.311431 -0.361927
11 -13 0.315512 -0.316366
11 -11 0.319771 -0.269502
11 -9 0.325997 -0.224092
11 -7 0.323937 -0.1715
11 -5 0.324369 -0.122983
11 -3 0.326322 -0.0728872
11 -1 0.325632 -0.0240845
11 1 0.326604 0.0245111
11 3 0.323984 0.0729025
11 5 0.323838 0.122669
11 7 0.320624 0.171519
11 9 0.32065 0.219639
11 11 0.320595 0.271484
11 13 0.318762 0.3185
11 15 0.309375 0.359618
11 17 0.299827 0.397387
11 19 0.280351 0.419589
11 21 0.260169 0.434284
11 23 0.24374 0.448456
11 25 0.223174 0.448299
11 27 0.211532 0.455803
11 29 0.208765 0.480969
11 31 0.202746 0.50157
11 33 0.209298 0.5443
11 35 0.155225 0.433542
11 37 0.0546245 0.237151
11 39 0.11026 0.258067
11 41 0.0889688 0.237095
11 43 0.0861493 0.367262
11 45 0.122274 0.320486
11 47 0.0580533 0.28742
11 49 0.0351088 0.262016
11 51 0.0236061 0.202167
11 53 0.102408 0.384977
11 55 0.00490291 0.0841525
11 57 0.0666456 0.286493
11 59 0.0867316 0.223679
13 -59 0.113124 -0.269081
13 -57 0.0286687 -0.210137
13 -55 0.0750992 -0.181728
13 -53 0.0749214 -0.260312
13 -51 0.0749186 -0.352291
13 -49 0.0580072 -0.261267
13 -47 0.00949734 -0.212001
13 -45 0.065302 -0.333112
13 -43 0.0766901 -0.19485
13 -41 0.0867112 -0.153479
13 -39 0.066716 -0.216348
13 -37 0.118904 -0.22025
13 -35 0.115948 -0.276717
13 -33 0.213765 -0.47665
13 -31 0.235834 -0.495124
13 -29 0.232776 -0.463629
13 -27 0.24121 -0.446701
13 -25 0.255857 -0.440327
13 -23 0.269294 -0.426543
13 -21 0.287751 -0.415701
13 -19 0.3074 -0.396588
13 -17 0.33015 -0.38033
13 -15 0.343077 -0.346427
13 -13 0.356112 -0.309829
13 -11 0.362372 -0.264212
13 -9 0.366133 -0.219422
13 -7 0.370741 -0.172173
13 -5 0.368674 -0.121819
13 -3 0.363771 -0.0706461
13 -1 0.369892 -0.0236524
13 1 0.370977 0.023173
13 3 0.364906 0.0737267
13 5 0.368597 0.123082
13 7 0.368967 0.170932
13 9 0.365549 0.218618
13 11 0.357594 0.263584
13 13 0.355447 0.309048
13 15 0.34034 0.345189
13 17 0.330995 0.380339
13 19 0.309645 0.400966
13 21 0.286754 0.412333
13 23 0.265962 0.420522
13 25 0.250783 0.433064
13 27 0.242343 0.446736
13 29 0.235775 0.46899
13 31 0.236695 0.500245
13 33 0.241296 0.540633
13 35 0.139323 0.308064
13 37 0.117512 0.261766
13 39 0.107286 0.280578
13 41 0.0919826 0.333795
13 43 0.145603 0.325169
13 45 0.0491936 0.307549
13 47 0.101728 0.230539
13 49 0.124569 0.29921
13 51 0.0757637 0.246986
13 53 0.12804 0.14921
13 55 0.0424248 0.17127
13 57 0.196361 0.750939
13 59 0.0603586 0.301397
15 -59 0.0127643 -0.320226
15 -57 0.0370874 -0.197828
15 -55 0.0385968 -0.100624
15 -53 0.0718922 -0.351045
15 -51 0.064737 -0.146785
15 -49 0.133197 -0.230919
15 -47 0.130192 -0.324983
15 -45 0.0417875 -0.215558
15 -43 0.0856258 -0.289419
15 -41 0.10705 -0.29673
15 -39 0.093435 -0.251363
15 -37 0.103432 -0.202455
15 -35 0.130028 -0.293741
15 -33 0.167231 -0.308903
15 -31 0.277787 -0.50884
15 -29 0.270662 -0.467226
15 -27 0.278653 -0.448646
15 -25 0.27594 -0.414038
15 -23 0.284471 -0.394318
15 -21 0.306806 -0.387753
15 -19 0.325739 -0.371592
15 -17 0.352198 -0.35901
15 -15 0.368729 -0.328291
15 -13 0.385897 -0.298534
15 -11 0.397972 -0.258141
15 -9 0.402679 -0.213615
15 -7 0.407552 -0.169108
15 -5 0.412735 -0.120892
15 -3 0.40625 -0.0714185
15 -1 0.406696 -0.0233102
15 1 0.413197 0.0242993
15 3 0.411466 0.0735043
15 5 0.410357 0.121008
15 7 0.410985 0.169103
15 9 0.400104 0.213546
15 11 0.392961 0.254994
15 13 0.381783 0.293803
15 15 0.367486 0.328366
15 17 0.353453 0.356497
15 19 0.326964 0.372987
15 21 0.303922 0.383171
15 23 0.285363 0.39547
15 25 0.275022 0.413755
15 27 0.278383 0.448491
15 29 0.269387 0.464123
15 31 0.258533 0.478984
15 33 0.218914 0.459291
15 35 0.0848079 0.20215
15 37 0.0904122 0.260304
15 39 0.108005 0.251192
15 41 0.107572 0.165477
15 43 0.138773 0.251195
15 45 0.156573 0.338359
15 47 0.112243 0.166619
15 49 0.0684096 0.220728
15 51 0.0956977 0.155234
15 53 0.0507891 0.169457
15 55 0.0314164 0.171615
15 57 0.0879503 0.305431
15 59 0.105904 0.287666
17 -59 0.205941 -0.436448
17 -57 0.0785256 -0.322622
17 -55 0.0193196 -0.289493
17 -53 0.115809 -0.197115
17 -51 0.153841 -0.276686
17 -49 0.0965689 -0.148931
17 -47 0.0783811 -0.171266
17 -45 0.159812 -0.290327
17 -43 0.144683 -0.251909
17 -41 0.203916 -0.353053
17 -39 0.125938 -0.214196
17 -37 0.150506 -0.302632
17 -35 0.0994922 -0.210305
17 -33 0.122863 -0.255079
17 -31 0.29137 -0.479949
17 -29 0.308211 -0.472536
17 -27 0.305875 -0.435936
17 -25 0.299968 -0.401615
17 -23 0.307317 -0.377108
17 -21 0.325525 -0.366289
17 -19 0.34195 -0.347532
17 -17 0.359452 -0.32777
17 -15 0.381307 -0.304713
17 -13 0.396784 -0.274367
17 -11 0.417562 -0.242475
17 -9 0.428965 -0.203834
17 -7 0.437499 -0.163012
17 -5 0.44701 -0.118935
17 -3 0.446476 -0.0713264
17 -1 0.447227 -0.0253468
17 1 0.448217 0.0231317
17 3 0.444775 0.0705482
17 5 0.43756 0.117539
17 7 0.438548 0.163329
17 9 0.433471 0.207789
17 11 0.420576 0.245923
17 13 0.404642 0.280656
17 15 0.386743 0.308183
17 17 0.356155 0.323369
17 19 0.342853 0.34978
17 21 0.319613 0.359405
17 23 0.301409 0.371252
17 25 0.308553 0.40711
17 27 0.300283 0.432021
17 29 0.308535 0.465889
17 31 0.265637 0.40823
17 33 0.165788 0.283597
17 35 0.106883 0.229106
17 37 0.0730127 0.226951
17 39 0.0736574 0.134017
17 41 0.0686981 0.199519
17 43 0.0935629 0.365436
17 45 0.0811973 0.173545
17 47 0.154071 0.345863
17 49 0.05206 0.155384
17 51 0.0333684 0.101798
17 53 0.109349 0.255432
17 55 0.0939605 0.289661
17 57 0.0277512 0.174642
17 59 0.0548027 0.549886
19 -59 0.2091 -0.321592
19 -57 0.0236576 -0.234583
19 -55 0.0656379 -0.187754
19 -53 0.111125 -0.223957
19 -51 0.0359364 -0.216743
19 -49 0.0457854 -0.185683
19 -47 0.111155 -0.306072
19 -45 0.0922787 -0.22415
19 -43 0.163932 -0.308937
19 -41 0.0803035 -0.118804
19 -39 0.148594 -0.25001
19 -37 0.0881323 -0.187116
19 -35 0.092487 -0.171804
19 -33 0.171124 -0.279705
19 -31 0.179094 -0.27097
19 -29 0.306541 -0.422741
19 -27 0.348981 -0.442176
19 -25 0.344343 -0.408286
19 -23 0.33386 -0.364331
19 -21 0.337317 -0.341733
19 -19 0.360294 -0.329883
19 -17 0.368982 -0.303334
19 -15 0.391701 -0.283776
19 -13 0.413797 -0.259428
19 -11 0.42549 -0.225655
19 -9 0.445178 -0.193615
19 -7 0.45289 -0.153113
19 -5 0.473662 -0.113742
19 -3 0.47074 -0.0666661
19 -1 0.473874 -0.0227389
19 1 0.474543 0.0231456
19 3 0.470832 0.0660162
19 5 0.468564 0.112341
19 7 0.462537 0.156908
19 9 0.447365 0.191822
19 11 0.43572 0.229749
19 13 0.408288 0.256392
19 15 0.38968 0.28332
19 17 0.369835 0.30383
19 19 0.353062 0.322554
19 21 0.340868 0.345014
19 23 0.336031 0.371045
19 25 0.348457 0.412396
19 27 0.341039 0.435805
19 29 0.346263 0.47776
19 31 0.168579 0.260108
19 33 0.122096 0.244217
19 35 0.16934 0.188916
19 37 0.0871305 0.163228
19 39 0.176694 0.291172
19 41 0.149688 0.258032
19 43 0.178955 0.318428
19 45 0.0951818 0.147326
19 47 0.23346 0.421128
19 49 0.194063 0.374716
19 51 0.118798 0.206243
19 53 0.0309033 0.17826
19 55 0.0250918 0.278373
19 57 0.091236 0.172406
19 59 0.157167 0.284442
21 -59 0.118353 -0.195713
21 -57 0.108045 -0.306478
21 -55 0.145284 -0.177216
21 -53 0.191571 -0.32265
21 -51 0.101553 -0.2511
21 -49 0.124355 -0.218708
21 -47 0.113071 -0.254232
21 -45 0.100371 -0.252073
21 -43 0.164137 -0.259603
21 -41 0.105226 -0.316358
21 -39 0.10375 -0.208526
21 -37 0.124526 -0.282378
21 -35 0.191436 -0.250625
21 -33 0.204168 -0.32077
21 -31 0.156297 -0.207084
21 -29 0.239241 -0.286312
21 -27 0.384351 -0.438394
21 -25 0.362743 -0.39346
21 -23 0.368008 -0.365913
21 -21 0.368709 -0.334208
21 -19 0.368361 -0.304595
21 -17 0.374298 -0.27845
21 -15 0.39565 -0.260366
21 -13 0.415733 -0.236933
21 -11 0.432076 -0.208923
21 -9 0.444397 -0.17555
21 -7 0.459362 -0.141667
21 -5 0.469159 -0.102414
21 -3 0.479199 -0.0631787
21 -1 0.483913 -0.0206885
21 1 0.48353 0.022786
21 3 0.479725 0.0635358
21 5 0.475173 0.106085
21 7 0.457384 0.138981
21 9 0.444866 0.177132
21 11 0.42821 0.20759
21 13 0.414354 0.238441
21 15 0.393177 0.258945
21 17 0.380159 0.283349
21 19 0.373951 0.310256
21 21 0.36953 0.336628
21 23 0.376443 0.373782
21 25 0.380848 0.406884
21 27 0.363961 0.418227
21 29 0.282422 0.347503
21 31 0.138143 0.169533
21 33 0.139759 0.219568
21 35 0.154949 0.25323
21 37 0.108417 0.219211
21 39 0.205075 0.280323
21 41 0.191244 0.352038
21 43 0.0418558 0.183071
21 45 0.101981 0.256127
21 47 0.153604 0.342667
21 49 0.0532276 0.143388
21 51 0.0707455 0.255431
21 53 0.121302 0.301399
21 55 0.067552 0.307708
21 57 0.023904 0.208952
21 59 0.0427086 0.370966
23 -59 0.048249 -0.0241125
23 -57 0.101911 -0.256169
23 -55 0.192101 -0.245837
23 -53 0.0231757 -0.23082
23 -51 0.121254 -0.200986
23 -49 0.161067 -0.307581
23 -47 0.150321 -0.265635
23 -45 0.0962166 -0.147971
23 -43 0.0989546 -0.143735
23 -41 0.07943 -0.117178
23 -39 0.12084 -0.222806
23 -37 0.213373 -0.242956
23 -35 0.093134 -0.170738
23 -33 0.18581 -0.247877
23 -31 0.15416 -0.176952
23 -29 0.181352 -0.225932
23 -27 0.357717 -0.387775
23 -25 0.409355 -0.392293
23 -23 0.38987 -0.353975
23 -21 0.401736 -0.334354
23 -19 0.407835 -0.307885
23 -17 0.404957 -0.275738
23 -15 0.407082 -0.245525
23 -13 0.424767 -0.223302
23 -11 0.43382 -0.192467
23 -9 0.440768 -0.159451
23 -7 0.455144 -0.128958
23 -5 0.466393 -0.0952465
23 -3 0.467464 -0.0568763
23 -1 0.475669 -0.0199463
23 1 0.466711 0.0182806
23 3 0.471473 0.0548724
23 5 0.46404 0.0940602
23 7 0.448326 0.127406
23 9 0.43245 0.158061
23 11 0.430048 0.191014
23 13 0.420012 0.218859
23 15 0.409671 0.245513
23 17 0.411779 0.280602
23 19 0.410264 0.307981
23 21 0.413986 0.342019
23 23 0.407797 0.367344
23 25 0.394141 0.383845
23 27 0.324062 0.344887
23 29 0.140517 0.145612
23 31 0.211492 0.248873
23 33 0.182474 0.218461
23 35 0.278695 0.392633
23 37 0.134993 0.19101
23 39 0.137947 0.175193
23 41 0.116162 0.176006
23 43 0.176411 0.228636
23 45 0.169116 0.318228
23 47 0.101224 0.160992
23 49 0.194584 0.170841
23 51 0.0398211 0.247968
23 53 0.128134 0.184394
23 55 0.118173 0.126169
23 57 0.0634183 0.19576
23 59 0.0826945 0.166184
25 -59 0.0601026 -0.0919061
25 -57 0.00391761 0.00478167
25 -55 0.105931 -0.21929
25 -53 0.113022 -0.159065
25 -51 0.130558 -0.322191
25 -49 0.186711 -0.383464
25 -47 0.128527 -0.201366
25 -45 0.118292 -0.214495
25 -43 0.131764 -0.227253
25 -41 0.101495 -0.128124
25 -39 0.179703 -0.315387
25 -37 0.120845 -0.138581
25 -35 0.163799 -0.188979
25 -33 0.201653 -0.228674
25 -31 0.131331 -0.167347
25 -29 0.13645 -0.160311
25 -27 0.24625 -0.254674
25 -25 0.350466 -0.349971
25 -23 0.445036 -0.36668
25 -21 0.442791 -0.336813
25 -19 0.439093 -0.302559
25 -17 0.438008 -0.272095
25 -15 0.432215 -0.239043
25 -13 0.441948 -0.214204
25 -11 0.443531 -0.181075
25 -9 0.443502 -0.14814
25 -7 0.449773 -0.117771
25 -5 0.45588 -0.0847817
25 -3 0.455806 -0.0511498
25 -1 0.458639 -0.016309
25 1 0.466333 0.0177027
25 3 0.458644 0.0519222
25 5 0.457976 0.0860845
25 7 0.452308 0.118461
25 9 0.449062 0.14964
25 11 0.439156 0.178852
25 13 0.424196 0.204093
25 15 0.442134 0.242853
25 17 0.439745 0.272248
25 19 0.442426 0.304661
25 21 0.448425 0.341425
25 23 0.398185 0.326288
25 25 0.315004 0.288266
25 27 0.216913 0.239356
25 29 0.100005 0.123722
25 31 0.216494 0.293398
25 33 0.161801 0.184953
25 35 0.156452 0.215499
25 37 0.191796 0.289028
25 39 0.172535 0.283197
25 41 0.0766808 0.153954
25 43 0.146356 0.243671
25 45 0.0475557 0.179649
25 47 0.216278 0.324963
25 49 0.111843 0.247968
25 51 0.100714 0.252334
25 53 0.0821447 0.154041
25 55 0.118196 0.199351
25 57 -0.0894497 0.0562901
25 59 0.0249858 0.193512
27 -59 0.132486 -0.337635
27 -57 0.151656 -0.205898
27 -55 0.0360357 -0.146421
27 -53 0.127119 -0.241949
27 -51 0.105153 -0.193303
27 -49 0.0484541 -0.102785
27 -47 0.103344 -0.186795
27 -45 0.157483 -0.144951
27 -43 0.113769 -0.191515
27 -41 0.123513 -0.252678
27 -39 0.160843 -0.146019
27 -37 0.140732 -0.233183
27 -35 0.14724 -0.149985
27 -33 0.157652 -0.193527
27 -31 0.210363 -0.151171
27 -29 0.178363 -0.190877
27 -27 0.18009 -0.191346
27 -25 0.191144 -0.157514
27 -23 0.378738 -0.303603
27 -21 0.426243 -0.294287
27 -19 0.482736 -0.307136
27 -17 0.490591 -0.281426
27 -15 0.473957 -0.238513
27 -13 0.468897 -0.206733
27 -11 0.457459 -0.170026
27 -9 0.469484 -0.143344
27 -7 0.471199 -0.114801
27 -5 0.474895 -0.0821649
27 -3 0.470869 -0.0483903
27 -1 0.476973 -0.016412
27 1 0.476504 0.0171264
27 3 0.479613 0.0498769
27 5 0.478897 0.0834298
27 7 0.469183 0.111642
27 9 0.461871 0.140849
27 11 0.46363 0.173055
27 13 0.467773 0.205963
27 15 0.48057 0.244797
27 17 0.48418 0.277561
27 19 0.483654 0.307431
27 21 0.421266 0.296199
27 23 0.321453 0.245401
27 25 0.21994 0.20944
27 27 0.258808 0.23264
27 29 0.223778 0.269188
27 31 0.165862 0.185307
27 33 0.234229 0.279712
27 35 0.194343 0.249882
27 37 0.178634 0.202943
27 39 0.15839 0.298763
27 41 0.152642 0.256042
27 43 0.205555 0.254126
27 45 0.0893802 0.228753
27 47 0.185915 0.173464
27 49 0.182397 0.253522
27 51 0.17796 0.305767
27 53 0.0386505 0.190271
27 55 0.117469 0.198963
27 57 -0.0933264 0.146469
27 59 0.107249 0.343184
29 -59 0.0883008 0.0646402
29 -57 -0.00891489 -0.157478
29 -55 0.25484 -0.446422
29 -53 0.127137 -0.191249
29 -51 0.160043 -0.264817
29 -49 0.184322 -0.224466
29 -47 0.143859 -0.220267
29 -45 0.123968 -0.17823
29 -43 0.115453 -0.30702
29 -41 0.0828358 -0.198834
29 -39 0.15714 -0.170549
29 -37 0.0563093 -0.17123
29 -35 0.11438 -0.131425
29 -33 0.137427 -0.185625
29 -31 0.182416 -0.225259
29 -29 0.180311 -0.179385
29 -27 0.210174 -0.203424
29 -25 0.214611 -0.163923
29 -23 0.190786 -0.160945
29 -21 0.251751 -0.20932
29 -19 0.421229 -0.269679
29 -17 0.483178 -0.26595
29 -15 0.515004 -0.244633
29 -13 0.502949 -0.20597
29 -11 0.51375 -0.174173
29 -9 0.517118 -0.144572
29 -7 0.49602 -0.109765
29 -5 0.505627 -0.0818489
29 -3 0.499598 -0.0451554
29 -1 0.507307 -0.0165774
29 1 0.502114 0.0147149
29 3 0.506016 0.0484275
29 5 0.505207 0.0791586
29 7 0.507075 0.111912
29 9 0.506524 0.142908
29 11 0.501499 0.174571
29 13 0.511491 0.204902
29 15 0.516678 0.237238
29 17 0.485501 0.256069
29 19 0.343117 0.206629
29 21 0.227171 0.155145
29 23 0.174102 0.153411
29 25 0.171538 0.115724
29 27 0.240788 0.255866
29 29 0.183275 0.188255
29 31 0.12336 0.223184
29 33 0.159759 0.163525
29 35 0.151766 0.202008
29 37 0.119629 0.167084
29 39 0.14279 0.254117
29 41 0.107591 0.163627
29 43 0.195929 0.255631
29 45 0.14704 0.196289
29 47 0.260215 0.226207
29 49 0.278075 0.231161
29 51 0.0740404 0.214277
29 53 0.197097 0.330575
29 55 0.262043 0.494651
29 57 0.0363262 0.17962
29 59 0.0956901 0.286745
31 -59 -0.00284001 -0.156495
31 -57 0.148928 -0.314917
31 -55 0.156767 -0.201846
31 -53 0.251478 -0.433091
31 -51 0.0602085 -0.188836
31 -49 0.122452 -0.262405
31 -47 0.120892 -0.257302
31 -45 0.192197 -0.291596
31 -43 0.113553 -0.17785
31 -41 0.110946 -0.149672
31 -39 0.145823 -0.205296
31 -37 0.157006 -0.158083
31 -35 0.262858 -0.233058
31 -33 0.18444 -0.170931
31 -31 0.170924 -0.139914
31 -29 0.180368 -0.180697
31 -27 0.201437 -0.20775
31 -25 0.193058 -0.153423
31 -23 0.256862 -0.191343
31 -21 0.293112 -0.185453
31 -19 0.246402 -0.120259
31 -17 0.325298 -0.158992
31 -15 0.391983 -0.183199
31 -13 0.52389 -0.19877
31 -11 0.513978 -0.165452
31 -9 0.54927 -0.141295
31 -7 0.543836 -0.114125
31 -5 0.550165 -0.0797964
31 -3 0.539768 -0.0494634
31 -1 0.540778 -0.016487
31 1 0.553914 0.0179239
31 3 0.556207 0.0495535
31 5 0.540155 0.0793864
31 7 0.542043 0.112748
31 9 0.549363 0.142969
31 11 0.519072 0.165497
31 13 0.506446 0.188205
31 15 0.364205 0.171731
31 17 0.263941 0.11751
31 19 0.222624 0.131884
31 21 0.253151 0.175564
31 23 0.338328 0.210053
31 25 0.282557 0.258792
31 27 0.252595 0.18768
31 29 0.159398 0.113051
31 31 0.190047 0.139135
31 33 0.198364 0.243701
31 35 0.162638 0.225572
31 37 0.200981 0.208901
31 39 0.13193 0.151856
31 41 0.229618 0.207991
31 43 0.0602772 0.208592
31 45 0.119062 0.075629
31 47 0.112956 0.209211
31 49 0.0846237 0.183564
31 51 0.128805 0.139195
31 53 0.224405 0.097014
31 55 0.124064 0.228466
31 57 0.162079 0.216736
31 59 0.152588 0.204012
33 -59 0.138515 -0.321258
33 -57 0.0656689 -0.113004
33 -55 0.152232 -0.152222
33 -53 0.12088 -0.24021
33 -51 0.0498602 -0.0601986
33 -49 0.14064 -0.212645
33 -47 0.0781149 -0.190805
33 -45 0.256345 -0.173252
33 -43 0.141302 -0.177438
33 -41 0.217507 -0.14049
33 -39 0.240473 -0.265436
33 -37 0.226934 -0.216384
33 -35 0.239845 -0.167224
33 -33 0.100471 -0.0822236
33 -31 0.208273 -0.138577
33 -29 0.155785 -0.0725913
33 -27 0.16454 -0.10498
33 -25 0.210011 -0.17753
33 -23 0.283897 -0.196287
33 -21 0.280033 -0.159861
33 -19 0.178601 -0.11114
33 -17 0.19233 -0.138953
33 -15 0.221508 -0.0682672
33 -13 0.296766 -0.109796
33 -11 0.287393 -0.0710825
33 -9 0.433848 -0.100185
33 -7 0.512768 -0.0971313
33 -5 0.523318 -0.0756991
33 -3 0.5541 -0.0426565
33 -1 0.570865 -0.01611
33 1 0.552812 0.0103571
33 3 0.519657 0.0438019
33 5 0.545247 0.0741868
33 7 0.496264 0.0975143
33 9 0.462339 0.120138
33 11 0.299319 0.1186
33 13 0.295665 0.0781448
33 15 0.220167 0.074081
33 17 0.261742 0.131077
33 19 0.206013 0.0959888
33 21 0.270832 0.158671
33 23 0.182462 0.146703
33 25 0.241633 0.16732
33 27 0.198668 0.172791
33 29 0.248832 0.187737
33 31 0.150839 0.139124
33 33 0.0988546 0.0965412
33 35 0.108748 0.1358
33 37 0.203325 0.227078
33 39 0.161627 0.143846
33 41 0.191005 0.222249
33 43 0.07379 0.171238
33 45 0.2528 0.346431
33 47 0.230973 0.287765
33 49 0.139809 0.159642
33 51 0.207315 0.213111
33 53 0.0378723 0.149455
33 55 0.203593 0.321345
33 57 0.113205 0.355212
33 59 0.019542 0.191583
35 -59 0.0715605 -0.181301
35 -57 0.248523 -0.202423
35 -55 0.235823 -0.426868
35 -53 0.201148 -0.267029
35 -51 0.0669193 -0.130289
35 -49 0.126702 -0.189475
35 -47 0.227261 -0.248902
35 -45 0.346954 -0.319108
35 -43 0.101011 -0.228392
35 -41 0.125756 -0.182536
35 -39 0.0948154 -0.0993165
35 -37 0.161763 -0.194955
35 -35 0.177448 -0.148594
35 -33 0.152803 -0.155069
35 -31 0.162831 -0.139874
35 -29 0.137674 -0.048691
35 -27 0.236406 -0.186093
35 -25 0.25283 -0.195156
35 -23 0.217981 -0.11592
35 -21 0.270178 -0.0866466
35 -19 0.261207 -0.121034
35 -17 0.244464 -0.100623
35 -15 0.183351 -0.0460174
35 -13 0.244391 -0.0971512
35 -11 0.184254 -0.0742759
35 -9 0.202276 -0.0550857
35 -7 0.305426 -0.0528769
35 -5 0.335064 -0.0399811
35 -3 0.265168 -0.0403577
35 -1 0.368095 -0.01764
35 1 0.322394 0.0248799
35 3 0.331139 0.0390206
35 5 0.27349 0.0537695
35 7 0.25974 0.0392489
35 9 0.232616 0.0327208
35 11 0.234421 0.0618357
35 13 0.195339 0.066895
35 15 0.303178 0.121748
35 17 0.22483 0.111239
35 19 0.171649 0.110191
35 21 0.220147 0.149167
35 23 0.258989 0.119287
35 25 0.284487 0.167403
35 27 0.14349 0.0901707
35 29 0.151821 0.123337
35 31 0.199376 0.147608
35 33 0.0712425 0.201354
35 35 0.164266 0.167018
35 37 0.275688 0.231646
35 39 0.173719 0.225891
35 41 0.218717 0.2323
35 43 0.41618 0.730504
35 45 0.122048 0.179582
35 47 0.234015 0.208178
35 49 0.230502 0.326752
35 51 0.141532 0.168302
35 53 0.120037 0.21296
35 55 0.149488 0.233488
35 57 0.0796577 0.0759194
35 59 0.133027 0.297446
37 -59 0.141597 -0.387818
37 -57 0.0961198 -0.176914
37 -55 0.137283 -0.157085
37 -53 0.00149357 -0.00351903
37 -51 0.302007 -0.111416
37 -49 0.201321 -0.197438
37 -47 0.0619721 -0.0519609
37 -45 -0.0353359 -0.229472
37 -43 0.173033 -0.142665
37 -41 0.187629 -0.175084
37 -39 0.0741169 -0.0789702
37 -37 0.0666155 -0.188241
37 -35 0.0704996 -0.117161
37 -33 0.303641 -0.246933
37 -31 0.299899 -0.154897
37 -29 0.195058 -0.172534
37 -27 0.304734 -0.205343
37 -25 0.182696 -0.15804
37 -23 0.0973496 -0.0577048
37 -21 0.14844 -0.100072
37 -19 0.209851 -0.137252
37 -17 0.157712 -0.046026
37 -15 0.210908 -0.0419002
37 -13 0.275287 -0.0879794
37 -11 0.137852 -0.0307877
37 -9 0.243055 -0.0675377
37 -7 0.297304 -0.0620714
37 -5 0.333572 -0.0613586
37 -3 0.352932 -0.0199833
37 -1 0.1571 -0.0153564
37 1 0.232298 0.00218424
37 3 0.276943 0.0291864
37 5 0.215971 0.0340948
37 7 0.24372 0.0274165
37 9 0.228918 0.0677351
37 11 0.258258 0.104084
37 13 0.270232 0.064001
37 15 0.270572 0.041045
37 17 0.193129 0.142683
37 19 0.179737 0.140691
37 21 0.213825 0.0474717
37 23 0.207647 0.0716837
37 25 0.116682 0.0536364
37 27 0.233553 0.163225
37 29 0.2061 0.224629
37 31 0.202867 0.147206
37 33 0.0305448 0.0918005
37 35 0.156495 0.116267
37 37 0.27407 0.195169
37 39 0.149162 0.153976
37 41 0.163977 0.179845
37 43 0.347736 0.357845
37 45 0.263313 0.531665
37 47 0.0881095 0.184136
37 49 0.133449 0.100484
37 51 0.189563 0.260362
37 53 0.201912 0.331667
37 55 0.130222 0.185622
37 57 0.117128 0.236995
37 59 0.084855 0.126608
39 -59 0.143076 -0.158408
39 -57 0.281259 -0.291438
39 -55 0.229581 -0.295574
39 -53 0.0480075 -0.0756112
39 -51 0.0912031 -0.0253799
39 -49 0.126804 -0.155672
39 -47 0.216204 -0.149561
39 -45 0.2051 -0.222852
39 -43 0.254083 -0.286258
39 -41 0.108997 -0.17041
39 -39 0.101832 -0.105251
39 -37 0.101532 -0.140379
39 -35 0.184045 -0.144618
39 -33 0.115781 -0.086697
39 -31 0.118075 -0.109618
39 -29 0.15158 -0.126404
39 -27 0.2709 -0.177582
39 -25 0.218359 -0.0831535
39 -23 0.20563 -0.0698673
39 -21 0.23153 -0.0869177
39 -19 0.193701 -0.0781008
39 -17 0.181291 -0.0231495
39 -15 0.191441 -0.0801101
39 -13 0.243092 -0.0498588
39 -11 0.239907 -0.0659611
39 -9 0.208046 -0.0162113
39 -7 0.247129 -0.0287063
39 -5 0.249951 -0.0378254
39 -3 0.208801 -0.0299804
39 -1 0.248748 -0.0775931
39 1 0.323911 0.00670087
39 3 0.137198 0.0264556
39 5 0.302417 0.0455189
39 7 0.151294 0.0330943
39 9 0.307075 0.0401205
39 11 0.202787 0.0527736
39 13 0.303013 0.0525241
39 15 0.228055 0.0993498
39 17 0.311511 0.0453997
39 19 0.353241 0.109143
39 21 0.213532 0.114685
39 23 0.346276 0.0826443
39 25 0.112256 0.0343699
39 27 0.255779 0.175386
39 29 0.238821 0.133788
39 31 0.164338 0.133025
39 33 0.193529 0.15855
39 35 0.15077 0.120335
39 37 0.145113 0.153248
39 39 0.182797 0.0563402
39 41 0.228306 0.261348
39 43 0.153396 0.154006
39 45 0.0662362 0.153404
39 47 0.353929 0.306364
39 49 0.0959264 0.15419
39 51 0.161618 0.121284
39 53 0.369947 0.352255
39 55 0.162065 0.0817358
39 57 0.0392166 0.0404378
39 59 0.349363 0.263148
41 -59 0.278641 -0.330385
41 -57 0.178165 -0.363325
41 -55 0.318545 -0.454858
41 -53 0.157409 -0.209167
41 -51 0.0173016 -0.183631
41 -49 0.171865 -0.161981
41 -47 0.235124 -0.250796
41 -45 0.289011 -0.248303
41 -43 0.140401 -0.176643
41 -41 0.193224 -0.140444
41 -39 0 0
41 -37 0.243864 -0.202159
41 -35 0.265786 -0.0968161
41 -33 0.208729 -0.165872
41 -31 0.172747 -0.13201
41 -29 0.122159 -0.0724737
41 -27 0.187637 -0.211036
41 -25 0.231332 -0.0909523
41 -23 0.262851 -0.0969045
41 -21 0.163042 -0.113291
41 -19 0.192549 -0.14997
41 -17 0.231922 -0.0418737
41 -15 0.222538 -0.0744578
41 -13 0.28482 -0.0820607
41 -11 0.197862 -0.0986841
41 -9 0.240414 -0.0450421
41 -7 0.238536 -0.026486
41 -5 0.267862 0.0109155
41 -3 0.311981 -0.0449782
41 -1 0.348918 -0.0535188
41 1 0.253511 0.0257594
41 3 0.263842 -0.00251091
41 5 0.253276 0.0138262
41 7 0.177664 -0.00231409
41 9 0.158186 0.0673542
41 11 0.294596 0.103355
41 13 0.20341 0.0703341
41 15 0.172074 0.0598293
41 17 0.275495 0.139768
41 19 0.255687 0.147238
41 21 0.180172 0.14595
41 23 0.116991 0.0318284
41 25 0.281967 0.125217
41 27 0.0946421 0.0266578
41 29 0.232785 0.258122
41 31 0.178724 0.164215
41 33 0.311004 0.227014
41 35 0.149039 0.105184
41 37 0.125273 0.159509
41 39 0.224698 0.0937751
41 41 0.169896 0.117145
41 43 0.104835 0.017598
41 45 0.0762061 0.184205
41 47 0.15052 0.183236
41 49 0.0544355 0.0860744
41 51 0.0877175 0.269489
41 53 -0.0155363 0.0457213
41 55 0.0705131 0.110931
41 57 0.159583 0.0608194
41 59 0.533861 0.732995
43 -59 0.108043 -0.153342
43 -57 0.103904 -0.103075
43 -55 0.0838224 -0.123237
43 -53 0.190502 -0.188101
43 -51 0.138811 -0.0454455
43 -49 0.296457 -0.199324
43 -47 0.179387 -0.16979
43 -45 0.087289 -0.0513458
43 -43 0.267467 -0.299812
43 -41 0.121152 -0.241861
43 -39 0.132218 -0.0959478
43 -37 0.311243 -0.196384
43 -35 0.0995858 -0.146107
43 -33 0.275004 -0.245613
43 -31 0.204986 -0.125974
43 -29 0.159018 -0.118187
43 -27 0.293764 -0.0879504
43 -25 0.0843749 -0.028041
43 -23 0.232381 -0.0495479
43 -21 0.177013 -0.100125
43 -19 0.203554 -0.0565355
43 -17 0.156774 -0.0857353
43 -15 0.25942 -0.0606249
43 -13 0.171255 -0.0334082
43 -11 0.226434 0.0363163
43 -9 0.17023 -0.0639449
43 -7 0.208753 -0.0542904
43 -5 0.216377 -0.0513519
43 -3 0.326207 -0.0114823
43 -1 0.207291 -0.0234625
43 1 0.186523 0.0500024
43 3 0.245661 -0.00265319
43 5 0.228193 0.0433519
43 7 0.169852 0.0168124
43 9 0.31951 0.0456412
43 11 0.135161 -0.0181934
43 13 0.257317 0.16222
43 15 0.242786 0.0740939
43 17 0.111149 0.0447807
43 19 0.216002 0.0727074
43 21 0.243493 0.125134
43 23 0.324109 0.22213
43 25 0.197253 0.151981
43 27 0.206428 0.149468
43 29 0.239928 0.124434
43 31 0.217089 0.187789
43 33 0.172084 0.17466
43 35 0.0832728 0.0866688
43 37 0.178789 0.233863
43 39 0.202586 0.179136
43 41 0.22766 0.28518
43 43 0.365933 0.341766
43 45 0.151677 0.157762
43 47 0.222166 0.132411
43 49 0.14367 0.126777
43 51 0.24195 0.203008
43 53 0.135962 0.128744
43 55 0.0810098 0.0428527
43 57 0.134122 0.111486
43 59 0.140722 0.0863227
45 -59 0.170676 -0.333945
45 -57 0.0562607 -0.0383977
45 -55 0.158357 -0.283982
45 -53 0.144621 -0.258978
45 -51 0.169808 -0.24583
45 -49 0.256216 -0.248184
45 -47 0.122201 -0.0529134
45 -45 0.19033 -0.196189
45 -43 -0.00396362 -0.162741
45 -41 0.320734 -0.220096
45 -39 0.127766 -0.161572
45 -37 0.159734 -0.150952
45 -35 0.192192 -0.191257
45 -33 0.0793733 -0.0732085
45 -31 0.0432617 -0.0761267
45 -29 0.115783 -0.0451553
45 -27 0.293609 -0.145444
45 -25 0.354891 -0.174811
45 -23 0.253306 -0.0947765
45 -21 0.23642 -0.0461388
45 -19 0.155731 -0.0691597
45 -17 0.240327 -0.132588
45 -15 0.191798 -0.0639325
45 -13 0.143176 -0.133824
45 -11 0.186011 -0.0725132
45 -9 0.227743 -0.0698834
45 -7 0.166029 -0.0645934
45 -5 0.194318 -0.0854137
45 -3 0.248905 -0.0240694
45 -1 0.261436 0.0150798
45 1 0.292728 -0.0469532
45 3 0.220736 0.0423021
45 5 0.146174 0.0240812
45 7 0.3337 0.00328459
45 9 0.170575 -0.027049
45 11 0.321379 0.0433674
45 13 0.16989 0.0224799
45 15 0.196054 0.103382
45 17 0.191202 0.0873601
45 19 0.225814 0.127505
45 21 0.304812 0.153171
45 23 0.235234 0.0878036
45 25 0.137193 0.117716
45 27 0.187805 0.115626
45 29 0.212441 0.119877
45 31 0.180796 0.2065
45 33 0.11316 0.0945725
45 35 0.105962 0.163409
45 37 0.178261 0.0794259
45 39 0.202965 0.203284
45 41 0.101375 0.184228
45 43 0.2036 0.228844
45 45 0.265765 0.294726
45 47 0.296018 0.369604
45 49 0.167597 0.16096
45 51 0.306045 0.283219
45 53 0.0653951 0.125132
45 55 0.132885 0.102004
45 57 0.0229601 0.0394833
45 59 0.00694201 0.0729034
47 -59 0.0371164 -0.26945
47 -57 0.23939 -0.201801
47 -55 0.485227 -0.242697
47 -53 0.158861 -0.00557363
47 -51 0.257591 -0.326984
47 -49 0.52499 -0.322599
47 -47 0 0
47 -45 0.232052 -0.092055
47 -43 0.260327 -0.192585
47 -41 0.163441 -0.134686
47 -39 0.230371 -0.118273
47 -37 0.158316 -0.06637
47 -35 0.271788 -0.224243
47 -33 0.409539 -0.204726
47 -31 0.124423 -0.0805869
47 -29 0.308267 -0.196123
47 -27 0.442472 -0.247699
47 -25 0.203576 -0.157494
47 -23 0.239249 -0.122529
47 -21 0.128799 -0.0557125
47 -19 0.166857 -0.109413
47 -17 0.225989 -0.0620403
47 -15 0.0423846 -0.033595
47 -13 0.201053 -0.0331249
47 -11 0.409671 -0.019353
47 -9 0.344709 0.0114862
47 -7 0.253374 0.0486183
47 -5 0.136186 -0.000645646
47 -3 0.380302 -0.0718397
47 -1 0.18912 -0.0297429
47 1 0.284602 0.057674
47 3 0.236356 0.00272691
47 5 0.209936 0.00562088
47 7 0.346923 0.0556152
47 9 0.388097 0.0493676
47 11 0.252403 0.0702734
47 13 0.265073 0.0957031
47 15 0.253298 0.0921503
47 17 0.364535 0.101676
47 19 0.212828 0.123532
47 21 0.266625 0.0925358
47 23 0.12521 0.0793029
47 25 0.184443 0.183378
47 27 0.17678 0.151575
47 29 0.239876 0.0824259
47 31 0.169091 0.040058
47 33 0.164565 0.0963397
47 35 0.0902322 -0.00711271
47 37 0.196142 0.106041
47 39 0.234186 0.0743814
47 41 0.329618 0.326617
47 43 0.0833965 0.046949
47 45 0.137021 0.206815
47 47 0.186749 0.211454
47 49 0.0937569 0.0651323
47 51 0.390128 0.264892
47 53 0.336266 0.449528
47 55 0.345503 0.266029
47 57 0.167539 0.174164
47 59 0.29466 0.458455
49 -59 0.0776156 -0.0575897
49 -57 0 0
49 -55 0.203073 -0.169122
49 -53 0.112542 -0.0822079
49 -51 -0.0435028 -0.00307245
49 -49 0.214425 -0.146199
49 -47 0.16989 -0.141619
49 -45 0.0816812 -0.0038973
49 -43 0.297608 -0.189436
49 -41 0.241968 -0.25722
49 -39 0.139907 -0.0547412
49 -37 0.0871761 -0.168527
49 -35 0.291231 -0.209828
49 -33 0.257268 -0.0977981
49 -31 0.0587162 -0.0822203
49 -29 0.28157 -0.173032
49 -27 0.371812 -0.0899109
49 -25 0.15928 -0.0667267
49 -23 0.0924174 -0.128337
49 -21 0.304962 -0.104765
49 -19 0.0618341 -0.103514
49 -17 0.283178 -0.105296
49 -15 0.196518 -0.0126313
49 -13 0.201039 0.0025266
49 -11 0.242182 -0.0793866
49 -9 0.245143 -0.0852586
49 -7 0.246099 -0.020858
49 -5 0.284971 -0.0221989
49 -3 0.177295 -0.027665
49 -1 0.253074 0.00301327
49 1 0.257649 -0.0265856
49 3 0.334191 0.0466447
49 5 0.353282 0.00459389
49 7 -0.0298862 -0.103349
49 9 0.231017 0.0303153
49 11 0.251543 0.0210728
49 13 0.230761 0.0332778
49 15 0.274814 0.0655431
49 17 0.267432 0.097996
49 19 0.238287 0.0885597
49 21 0.289067 0.149925
49 23 0.101137 0.0538983
49 25 0.25981 0.171677
49 27 0.164452 0.0743307
49 29 0.265264 0.127972
49 31 0.114374 0.0583758
49 33 0.22272 0.11383
49 35 0.226869 0.109199
49 37 0.181135 0.13962
49 39 0.169144 0.0903193
49 41 0.199923 0.0851698
49 43 0.0692553 0.0671266
49 45 0 0
49 47 0.0831108 0.0794839
49 49 0.109288 0.0565834
49 51 0.449821 -0.0295485
49 53 0.178933 0.0673524
49 55 0.373137 0.464275
49 57 0.175916 0.124455
49 59 0.13596 0.16277
51 -59 -0.0111903 -0.0914604
51 -57 0.21088 -0.178341
51 -55 0.114838 -0.152848
51 -53 0.207089 -0.273986
51 -51 0.242252 -0.211889
51 -49 0.166301 -0.0240939
51 -47 0.421297 -0.274782
51 -45 0.113774 0.00451508
51 -43 0.0941619 -0.143142
51 -41 0.0870387 -0.0874969
51 -39 0.0623035 -0.155159
51 -37 0.0390198 -0.0319716
51 -35 0.023108 -0.0800556
51 -33 0.185972 0.0204779
51 -31 0.160358 -0.0299563
51 -29 0.401188 -0.219896
51 -27 0.260579 -0.0412503
51 -25 0.213631 -0.138409
51 -23 0.127513 -0.0870115
51 -21 0.249241 -0.0476981
51 -19 0.216081 -0.0926123
51 -17 0.136724 -0.0800284
51 -15 0.136107 -0.0428388
51 -13 0.128486 0.000990641
51 -11 0.214485 0.0568403
51 -9 0.159639 -0.0262896
51 -7 0.183096 -0.0137444
51 -5 0.225448 -0.0201735
51 -3 0.18259 -0.0617437
51 -1 0.200205 0.0085103
51 1 0.378912 0.00345132
51 3 0.20712 -0.0899547
51 5 0.26 0.0341579
51 7 0.106847 0.0382185
51 9 0.194565 -0.026344
51 11 0.214235 0.0699649
51 13 0.231517 0.0483096
51 15 0.388623 0.0713057
51 17 0.293555 0.124098
51 19 0.285248 0.137493
51 21 0.290741 0.134981
51 23 0.189808 0.0614845
51 25 0.136685 0.0863576
51 27 0.23067 0.149895
51 29 0.185418 0.0997465
51 31 0.228582 0.0617574
51 33 0.293912 0.209762
51 35 0.161505 0.165822
51 37 0.212622 0.087758
51 39 0.155602 0.16374
51 41 0.607016 0.454596
51 43 0.0726417 0.0955317
51 45 0.0888278 0.119034
51 47 0.367542 0.292796
51 49 0.195712 0.110339
51 51 0.235338 0.231288
51 53 0.0664017 0.200322
51 55 0.178627 0.229005
51 57 0.288155 0.284921
51 59 0.145032 0.242594
53 -59 0.465671 -0.433161
53 -57 -0.00242682 -0.0782337
53 -55 0.0572598 -0.0572176
53 -53 0.108305 -0.166115
53 -51 0 0
53 -49 0.246151 -0.234943
53 -47 0.314785 -0.150133
53 -45 0.617281 -0.531035
53 -43 0.207068 -0.0971312
53 -41 -0.0374971 -0.26243
53 -39 0.328102 -0.245892
53 -37 0.172134 -0.112841
53 -35 0.111873 -0.0648267
53 -33 0.0827764 -0.0231801
53 -31 0.120517 -0.225417
53 -29 0.276452 -0.0537717
53 -27 0.0759007 -0.15067
53 -25 0.354205 -0.15379
53 -23 0.175833 -0.0556455
53 -21 0.222659 -0.0369143
53 -19 0.409559 -0.136674
53 -17 0.299641 -0.0519947
53 -15 0.391766 -0.0750719
53 -13 0.320146 -0.0688272
53 -11 0.299146 -0.117282
53 -9 0.205088 -0.0614509
53 -7 0.27109 -0.0207304
53 -5 0.181323 0.0181762
53 -3 0.123311 0.222874
53 -1 0.0785995 -0.0526664
53 1 0.277731 -0.00247585
53 3 0.159481 0.0152036
53 5 0.391496 0.019209
53 7 0.0691243 -0.0101274
53 9 0.271566 0.0342236
53 11 0.133792 0.0797522
53 13 0.00762078 0.00647672
53 15 0.371401 0.149745
53 17 0.20387 0.166372
53 19 0.171697 0.0199589
53 21 0.211577 0.157598
53 23 0.145712 0.0292907
53 25 0.358166 0.0282579
53 27 0.166399 0.0904388
53 29 0.381586 0.219171
53 31 0.0656615 0.192157
53 33 0.121502 0.131134
53 35 0.1965 0.105934
53 37 0.30165 0.210703
53 39 0.338099 0.17942
53 41 0.0934379 0.103612
53 43 0.376175 0.196405
53 45 0.254254 0.154901
53 47 0.139326 0.0446727
53 49 0.0245295 0.213268
53 51 0.098317 0.0324162
53 53 -0.0599735 0.0611547
53 55 0.158649 0.127486
53 57 0.177596 0.372445
53 59 -0.102084 -0.0437944
55 -59 0.109058 -0.207826
55 -57 0.239775 -0.098601
55 -55 0.0787042 -0.244368
55 -53 0.094322 -0.0274074
55 -51 0.195581 -0.156488
55 -49 0.0872545 -0.137213
55 -47 0 0
55 -45 0.376815 -0.229595
55 -43 0.320628 -0.182643
55 -41 0.242441 -0.179265
55 -39 0.354206 -0.282705
55 -37 0.0908386 -0.0731721
55 -35 0.4031 -0.173191
55 -33 0.218311 -0.124887
55 -31 0.214903 -0.234352
55 -29 0.198492 -0.0704321
55 -27 0.307016 -0.112729
55 -25 0.0897779 0.00348948
55 -23 0.0922713 -0.125799
55 -21 0.456328 -0.226319
55 -19 0.293045 -0.133321
55 -17 0.347415 -0.141111
55 -15 0.116822 -0.054706
55 -13 0.262084 -0.0736459
55 -11 0.0929839 -0.0704662
55 -9 0.318977 -0.0223741
55 -7 0.182561 -0.0188438
55 -5 0.203549 0.00462273
55 -3 0.276988 0.0777292
55 -1 0.309261 -0.0451772
55 1 0.231952 0.0123711
55 3 0.211553 0.0435697
55 5 0.247027 0.0189558
55 7 0.254601 0.0428631
55 9 0.233219 0.0723082
55 11 0.290067 0.0482286
55 13 0.249552 -0.0140967
55 15 0.180346 -0.0335146
55 17 0.382669 0.140682
55 19 0.276831 0.0682966
55 21 0.237746 0.114202
55 23 0.134155 0.151434
55 25 0.12104 0.0560728
55 27 0.173737 0.118132
55 29 0.333975 0.153985
55 31 0.134565 0.0764565
55 33 0.327433 0.0561929
55 35 0.0644111 0.167626
55 37 0.109798 0.0459936
55 39 0.183376 0.099276
55 41 0.137926 0.14788
55 43 0.25059 0.185538
55 45 0.107557 0.13336
55 47 0.13512 -0.0531844
55 49 0.119877 0.205076
55 51 0.105401 0.0145525
55 53 0.178494 0.16865
55 55 0.358071 0.384908
55 57 0.0263978 0.0361718
55 59 0.115382 -0.0379151
57 -59 0.450455 -0.403763
57 -57 0.0969136 -0.145777
57 -55 0.0440829 -0.158986
57 -53 0.16854 -0.21209
57 -51 0.376015 -0.189641
57 -49 0.218148 -0.268117
57 -47 0.256731 -0.0895706
57 -45 0.123572 -0.0515099
57 -43 0.34979 -0.151846
57 -41 0.292703 -0.285977
57 -39 0.291282 -0.120508
57 -37 0.0907166 0.0813397
57 -35 0.224339 -0.108502
57 -33 0.171329 -0.108819
57 -31 0.411841 -0.0835712
57 -29 0.110906 -0.108799
57 -27 0.1587 -0.0842983
57 -25 0.223734 -0.0557303
57 -23 0.196566 -0.0860179
57 -21 0.296927 -0.128344
57 -19 0.202759 -0.0442017
57 -17 0.0370845 0.0248935
57 -15 0.445432 -0.126241
57 -13 0.116241 -0.0769445
57 -11 0.0373291 0.0134089
57 -9 0.35779 -0.0659564
57 -7 0 0
57 -5 0.362966 0.00241978
57 -3 0.255226 0.0277873
57 -1 0.504006 0.0457352
57 1 0.0688437 -0.0590776
57 3 0.740791 0.0706096
57 5 0.229082 -0.0218248
57 7 0.449049 0.0844057
57 9 0.279176 -0.058074
57 11 0.308227 0.0653953
57 13 0.307699 -0.00994618
57 15 0.33417 0.0638821
57 17 0.34149 -0.0390911
57 19 0.381599 0.0997783
57 21 0.33662 -0.0185292
57 23 0.210389 0.0801845
57 25 0.191078 0.015409
57 27 0.0927229 0.161933
57 29 0.141484 0.132286
57 31 0.187121 0.121696
57 33 0.24952 0.109681
57 35 0.462663 0.149045
57 37 0.721455 0.306844
57 39 0.218812 0.219743
57 41 0.0696748 0.167839
57 43 -0.034612 0.168174
57 45 0.224585 0.213286
57 47 0.419739 0.131642
57 49 0.10884 0.0390304
57 51 0.266938 0.141902
57 53 0.242911 0.230095
57 55 0.143537 0.164879
57 57 0.107777 0.194772
57 59 0.352698 0.200273
59 -59 0 0
59 -57 0.0405451 -0.14207
59 -55 0.333358 -0.291377
59 -53 0.255071 -0.20238
59 -51 0.193089 -0.137165
59 -49 0.435888 -0.244117
59 -47 0.287159 -0.162668
59 -45 0.0562487 -0.071751
59 -43 0.201827 -0.0732842
59 -41 0.0743093 0.0126572
59 -39 0.19275 -0.121628
59 -37 0.144207 -0.0635375
59 -35 0.128366 -0.0577792
59 -33 0.123059 -0.102433
59 -31 0.173021 -0.0352007
59 -29 0.100655 -0.0877344
59 -27 0.192019 -0.0694503
59 -25 0.22668 -0.104931
59 -23 0.293601 -0.241309
59 -21 0.0418812 -0.0818385
59 -19 0.0596074 0.0223019
59 -17 0.212337 -0.124475
59 -15 0.0864552 -0.0460313
59 -13 0.212691 -0.0423274
59 -11 0.250554 -0.0182515
59 -9 0.374526 -0.0146965
59 -7 0.298713 0.00477247
59 -5 0.218122 -0.0283079
59 -3 0.153793 0.0172262
59 -1 0.275161 0.0161646
59 1 0.287291 0.0372618
59 3 0.143786 0.0469592
59 5 0.13303 0.0550329
59 7 0.244129 0.0223351
59 9 0.339805 0.11313
59 11 0.138766 -0.0762077
59 13 -0.0398656 -0.00419247
59 15 0.063512 -0.00391095
59 17 0.755727 0.214236
59 19 0.226207 0.0308554
59 21 0.247544 0.172028
59 23 0.164292 0.0711144
59 25 0.321043 0.109955
59 27 0.246879 0.0676944
59 29 0.375951 0.0930398
59 31 0.52609 0.225724
59 33 0.25647 0.247145
59 35 0.0989544 0.0341487
59 37 0.273593 0.222158
59 39 0.117277 0.0448984
59 41 0.0763368 0.143008
59 43 0.130168 0.0446433
59 45 0.281955 0.189814
59 47 -0.0331463 0.117784
59 49 0.403814 0.394129
59 51 0.300422 0.0296426
59 53 0.243376 0.178529
59 55 -0.024722 0.17672
59 57 0 0
59 59 0.126358 0.0774802
