-59 -59 -0.16845 -0.0555959
-59 -57 -0.194306 -0.128111
-59 -55 0 0
-59 -53 -0.187265 -0.191392
-59 -51 -0.22069 -0.210027
-59 -49 -0.103962 -0.150446
-59 -47 -0.0281126 -0.0955293
-59 -45 -0.541671 -0.506685
-59 -43 -0.290751 -0.0522694
-59 -41 -0.345765 -0.246133
-59 -39 -0.100987 -0.00877091
-59 -37 -0.171078 -0.0653452
-59 -35 -0.227735 -0.158994
-59 -33 -0.236181 -0.132747
-59 -31 -0.164673 -0.123935
-59 -29 -0.371941 -0.172708
-59 -27 -0.00333637 -0.139064
-59 -25 -0.260745 -0.0947904
-59 -23 0 0
-59 -21 -0.172777 -0.0744507
-59 -19 -0.211743 -0.0458097
-59 -17 -0.316268 -0.109742
-59 -15 -0.399094 -0.147822
-59 -13 -0.615354 -0.209815
-59 -11 -0.372359 -0.0811739
-59 -9 -0.249081 -0.027492
-59 -7 -0.250897 -0.0101238
-59 -5 -0.145395 -0.0393943
-59 -3 -0.258168 -0.0107801
-59 -1 -0.208292 0.0113302
-59 1 -0.637001 0.0462813
-59 3 -0.35525 0.0780694
-59 5 -1.1178 -0.0514366
-59 7 -0.244439 -0.0342747
-59 9 -0.119806 -0.00340921
-59 11 -0.485133 0.145391
-59 13 -0.258254 0.110149
-59 15 -0.167065 0.0388236
-59 17 -0.241877 0.0857898
-59 19 -0.20572 0.11292
-59 21 -0.289321 0.0752586
-59 23 -0.115729 0.139576
-59 25 -0.196124 0.100479
-59 27 -0.23989 0.0622158
-59 29 -0.225289 0.0829246
-59 31 -0.187951 0.131258
-59 33 -0.210399 0.0194019
-59 35 -0.415893 0.186728
-59 37 -0.216136 0.215863
-59 39 -0.294072 0.197205
-59 41 -0.340101 0.307684
-59 43 -0.111554 0.0814164
-59 45 -0.200041 0.113644
-59 47 -0.13633 0.114355
-59 49 -0.533154 0.462519
-59 51 -0.362298 0.28172
-59 53 -0.122576 0.0146706
-59 55 0 0
-59 57 -0.331306 0.429866
-59 59 -0.155475 0.0400869
-57 -59 -0.299625 -0.281006
-57 -57 -0.280545 -0.284033
-57 -55 -0.139459 -0.206646
-57 -53 -0.0733923 0.00616103
-57 -51 0 0
-57 -49 0.215841 -0.0951731
-57 -47 -0.491829 -0.297095
-57 -45 -0.137402 -0.0922836
-57 -43 -0.141558 -0.0735055
-57 -41 -0.15831 0.0585049
-57 -39 -0.118219 -0.0468749
-57 -37 -0.243673 -0.238858
-57 -35 -0.145015 -0.374708
-57 -33 -0.264142 -0.128799
-57 -31 -0.088188 -0.0714744
-57 -29 -0.325975 -0.398608
-57 -27 -0.437482 -0.193433
-57 -25 -0.261422 -0.00755924
-57 -23 -0.191405 -0.0893264
-57 -21 -0.0824496 -0.0108055
-57 -19 -0.308622 -0.0661818
-57 -17 -0.240735 -0.0741851
-57 -15 -0.336685 -0.0914186
-57 -13 -0.359464 -0.0586404
-57 -11 -0.225574 -0.0368815
-57 -9 -0.25047 -0.0570659
-57 -7 -0.389301 -0.0489145
-57 -5 -0.248844 -0.0170971
-57 -3 -0.266169 0.042238
-57 -1 -0.280792 -0.00303011
-57 1 -0.327866 -0.00416101
-57 3 -0.199115 -0.0346063
-57 5 -0.297697 0.0654958
-57 7 -0.423943 0.024616
-57 9 -0.202244 0.0300443
-57 11 -0.325526 0.0296594
-57 13 -0.269727 0.0951824
-57 15 -0.193043 0.121105
-57 17 -0.412867 0.106528
-57 19 -0.332934 0.0709883
-57 21 -0.272334 0.166236
-57 23 -0.0698025 0.067312
-57 25 -0.206372 -0.0026033
-57 27 -0.398551 0.179466
-57 29 -0.154944 -0.0779052
-57 31 -0.243201 0.136531
-57 33 -0.264401 0.414051
-57 35 -0.239629 0.0721401
-57 37 -0.368949 0.189849
-57 39 -0.300663 0.252501
-57 41 -0.125317 0.164743
-57 43 -0.106018 0.0393702
-57 45 -0.298145 0.121783
-57 47 -0.246698 0.139361
-57 49 -0.275357 0.247975
-57 51 0.0362981 0.0529766
-57 53 -0.0491474 -0.0042902
-57 55 -0.204861 0.379626
-57 57 -0.239414 0.223254
-57 59 -0.378632 0.38245
-55 -59 -0.250182 -0.220788
-55 -57 -0.0179501 -0.0407186
-55 -55 -0.345062 -0.197763
-55 -53 -0.0265045 -0.0811549
-55 -51 -0.131168 -0.0628827
-55 -49 -0.390348 -0.0518474
-55 -47 -0.10592 -0.0697558
-55 -45 -0.102475 -0.152111
-55 -43 -0.248374 -0.228884
-55 -41 -0.136856 0.00794028
-55 -39 -0.0650542 0.0245832
-55 -37 -0.286824 -0.122491
-55 -35 -0.137068 0.015934
-55 -33 -0.197649 -0.10137
-55 -31 -0.273284 -0.122437
-55 -29 -0.165166 -0.0594535
-55 -27 -0.242936 -0.0700878
-55 -25 -0.402996 -0.144916
-55 -23 -0.25452 -0.100333
-55 -21 -0.000433854 -0.0515953
-55 -19 -0.167971 -0.0366055
-55 -17 -0.304583 -0.0335015
-55 -15 -0.411303 -0.109167
-55 -13 -0.342392 -0.0646568
-55 -11 -0.273143 -0.0870535
-55 -9 -0.382993 -0.0921872
-55 -7 -0.403562 -0.0677357
-55 -5 -0.252132 -0.0140353
-55 -3 -0.470102 -0.0632764
-55 -1 -0.26833 0.0360805
-55 1 -0.337694 -0.0177566
-55 3 -0.280044 -0.0186905
-55 5 -0.175122 -0.0238661
-55 7 -0.170456 0.0954982
-55 9 -0.125731 0.0557135
-55 11 -0.359625 0.106385
-55 13 -0.160327 0.0359641
-55 15 -0.174498 0.041622
-55 17 -0.271363 0.0910109
-55 19 -0.271196 0.0847931
-55 21 -0.487268 0.129651
-55 23 -0.265899 0.118995
-55 25 -0.159729 0.0965464
-55 27 -0.115735 0.0901675
-55 29 -0.307499 0.170681
-55 31 -0.0797778 0.0880265
-55 33 -0.0447642 0.0834058
-55 35 -0.202745 0.0856209
-55 37 -0.237912 0.0957483
-55 39 -0.228907 0.19211
-55 41 0.0406325 0.0752945
-55 43 -0.423885 0.106134
-55 45 -0.261537 0.238031
-55 47 -0.145774 0.124534
-55 49 -0.0561737 -0.132605
-55 51 -0.0457677 0.0782863
-55 53 -0.0883743 0.0975639
-55 55 -0.190353 0.168376
-55 57 -0.166269 0.144247
-55 59 -0.0252694 0.13513
-53 -59 -0.085892 -0.0873867
-53 -57 -0.139121 -0.175182
-53 -55 -0.0898718 -0.113318
-53 -53 0.0486543 0.00969467
-53 -51 -0.222926 -0.244782
-53 -49 -0.191141 -0.292398
-53 -47 -0.3092 -0.301951
-53 -45 -0.175631 -0.102768
-53 -43 -0.215587 -0.164957
-53 -41 -0.250832 -0.234693
-53 -39 -0.0490458 -0.119171
-53 -37 -0.370519 -0.302599
-53 -35 -0.110207 -0.0682251
-53 -33 -0.30069 -0.197882
-53 -31 -0.173227 -0.131502
-53 -29 -0.242241 -0.146622
-53 -27 -0.329592 -0.196078
-53 -25 -0.269739 -0.144451
-53 -23 -0.148892 -0.0321934
-53 -21 -0.16825 -0.126763
-53 -19 -0.248691 -0.12088
-53 -17 -0.545678 -0.168711
-53 -15 -0.162331 -0.0338285
-53 -13 -0.112937 -0.00988838
-53 -11 -0.257946 -0.0542664
-53 -9 -0.379996 -0.0429161
-53 -7 -0.320319 -0.0131748
-53 -5 -0.137633 -0.00871242
-53 -3 -0.302416 -0.0822685
-53 -1 -0.258476 0.0277416
-53 1 -0.162787 -0.0377653
-53 3 -0.154261 0.0390393
-53 5 -0.458438 0.0336647
-53 7 -0.410988 -0.00148664
-53 9 -0.33601 0.0726746
-53 11 -0.211578 -0.00326157
-53 13 -0.193227 0.044828
-53 15 -0.387461 0.122811
-53 17 -0.237321 0.0885524
-53 19 -0.214907 0.0857846
-53 21 -0.378686 0.196512
-53 23 -0.22159 0.0428737
-53 25 -0.183932 0.0993277
-53 27 -0.291506 0.207901
-53 29 -0.298928 0.260386
-53 31 -0.0812866 0.057508
-53 33 -0.31653 0.165762
-53 35 -0.419362 0.242481
-53 37 -0.143793 0.0431994
-53 39 0.0332861 0.0888096
-53 41 -0.0694627 0.0898487
-53 43 -0.451673 0.360235
-53 45 -0.200979 0.127847
-53 47 -0.475663 0.358712
-53 49 -0.222715 0.00316124
-53 51 -0.243384 0.0988371
-53 53 -0.208817 0.235483
-53 55 -0.00472627 0.145809
-53 57 0.0074833 0.306453
-53 59 -0.214317 0.196051
-51 -59 -0.299266 -0.305364
-51 -57 -0.570711 -0.623016
-51 -55 0 0
-51 -53 -0.127797 -0.335556
-51 -51 -0.35095 -0.0627453
-51 -49 -0.223849 -0.308979
-51 -47 -0.323442 -0.235308
-51 -45 -0.143817 -0.187848
-51 -43 -0.0538472 -0.186723
-51 -41 -0.216619 -0.201035
-51 -39 -0.227826 -0.150745
-51 -37 -0.185871 -0.208236
-51 -35 -0.180373 -0.188722
-51 -33 -0.210387 -0.220113
-51 -31 -0.0747815 -0.0662267
-51 -29 -0.209696 -0.191151
-51 -27 -0.206 0.00828066
-51 -25 -0.0786471 -0.0953056
-51 -23 -0.205269 -0.0831333
-51 -21 -0.361515 -0.126126
-51 -19 -0.039292 -0.075236
-51 -17 -0.256625 -0.123135
-51 -15 -0.0862211 -0.0249574
-51 -13 -0.193399 -0.00419761
-51 -11 -0.193058 -0.0783762
-51 -9 -0.329835 0.00468655
-51 -7 -0.331208 -0.0512764
-51 -5 -0.319465 -0.0120612
-51 -3 -0.370291 -0.00540483
-51 -1 -0.115541 0.0229586
-51 1 -0.304179 -0.00838349
-51 3 -0.246945 -0.0162893
-51 5 -0.379824 0.0162006
-51 7 -0.258185 0.0543115
-51 9 -0.318051 0.0649075
-51 11 -0.27172 0.0769361
-51 13 -0.282228 0.0899207
-51 15 -0.216124 0.0715344
-51 17 -0.188081 0.0207769
-51 19 -0.346756 0.16181
-51 21 -0.182975 0.082463
-51 23 -0.268635 0.103538
-51 25 -0.312384 0.15418
-51 27 -0.201732 0.0738997
-51 29 -0.224318 0.128534
-51 31 -0.197271 0.117593
-51 33 -0.184507 0.070564
-51 35 -0.049211 0.118406
-51 37 -0.169644 0.136145
-51 39 -0.251175 0.173115
-51 41 -0.249714 0.0697554
-51 43 -0.206574 0.240173
-51 45 -0.161814 0.186659
-51 47 0 0
-51 49 -0.292918 0.338444
-51 51 -0.0498367 0.142659
-51 53 -0.0368565 0.0687937
-51 55 -0.238277 0.0776546
-51 57 -0.530692 0.647626
-51 59 -0.0646309 -0.0566104
-49 -59 -0.290623 -0.222937
-49 -57 -0.179856 -0.1879
-49 -55 -0.00197264 -0.124238
-49 -53 -0.125913 -0.00844574
-49 -51 -0.106953 -0.0361473
-49 -49 -0.392484 -0.520781
-49 -47 -0.264231 -0.0172945
-49 -45 -0.355466 -0.290621
-49 -43 -0.105511 -0.327379
-49 -41 -0.327389 -0.250921
-49 -39 -0.279048 -0.184212
-49 -37 -0.183159 -0.0527624
-49 -35 -0.260758 -0.189338
-49 -33 -0.125262 -0.122024
-49 -31 -0.260498 -0.192685
-49 -29 -0.285413 -0.110265
-49 -27 -0.523469 -0.290775
-49 -25 -0.157183 -0.124702
-49 -23 -0.310877 -0.17365
-49 -21 -0.192041 -0.119077
-49 -19 -0.14208 -0.103741
-49 -17 -0.242237 -0.051187
-49 -15 -0.340092 -0.0957246
-49 -13 -0.181495 -0.0613588
-49 -11 -0.257825 -0.0818204
-49 -9 -0.206733 -0.0416425
-49 -7 -0.413769 -0.105183
-49 -5 -0.254144 -0.0324121
-49 -3 -0.304111 -0.0295729
-49 -1 -0.244652 0.0221656
-49 1 -0.323098 0.00530069
-49 3 -0.284951 0.0157186
-49 5 -0.23692 0.0363173
-49 7 -0.164786 0.0340692
-49 9 -0.126379 0.0285931
-49 11 -0.287375 0.0629936
-49 13 -0.270976 0.0900451
-49 15 -0.297035 0.109061
-49 17 -0.402448 0.168858
-49 19 -0.283655 0.0963226
-49 21 -0.256657 0.0328538
-49 23 -0.17882 0.0528067
-49 25 -0.233632 0.0961035
-49 27 -0.28468 0.184256
-49 29 -0.230495 0.189726
-49 31 -0.374304 0.166451
-49 33 -0.09015 0.128613
-49 35 -0.280009 0.224681
-49 37 -0.375511 0.19527
-49 39 -0.258384 0.189462
-49 41 -0.308131 0.301782
-49 43 -0.38522 0.216946
-49 45 -0.0275988 -0.0994068
-49 47 -0.10623 0.0766007
-49 49 -0.462205 0.448392
-49 51 -0.239502 0.319319
-49 53 -0.202788 0.15164
-49 55 -0.17453 0.213384
-49 57 -0.0605157 0.173162
-49 59 -0.10377 0.224816
-47 -59 0.0288746 -0.109869
-47 -57 -0.242453 -0.209022
-47 -55 -0.0499533 -0.174114
-47 -53 -0.0199262 -0.267564
-47 -51 -0.139371 -0.243821
-47 -49 -0.261877 -0.306013
-47 -47 -0.175722 -0.101312
-47 -45 -0.270007 -0.210594
-47 -43 -0.181238 -0.12522
-47 -41 -0.0188786 -0.256872
-47 -39 -0.126741 -0.171371
-47 -37 -0.383428 -0.397157
-47 -35 -0.374542 -0.272626
-47 -33 -0.253306 -0.175747
-47 -31 -0.197353 -0.166357
-47 -29 -0.0686865 -0.153686
-47 -27 -0.124327 -0.110761
-47 -25 -0.1867 -0.10391
-47 -23 -0.151726 -0.00767369
-47 -21 -0.30431 -0.106547
-47 -19 -0.180883 -0.0881312
-47 -17 -0.272062 -0.0927324
-47 -15 -0.195604 -0.100253
-47 -13 -0.25337 -0.0165008
-47 -11 -0.217647 -0.0653488
-47 -9 -0.263609 -0.0265339
-47 -7 -0.22024 -0.0479187
-47 -5 -0.313606 0.000650499
-47 -3 -0.215767 0.0154143
-47 -1 -0.295138 -0.00283274
-47 1 -0.32506 0.0130357
-47 3 -0.235841 0.0677825
-47 5 -0.388047 0.06969
-47 7 -0.251789 0.0607988
-47 9 -0.295697 0.0661276
-47 11 -0.252941 0.0643497
-47 13 -0.216937 0.119719
-47 15 -0.302065 0.102091
-47 17 -0.262795 0.0956081
-47 19 -0.348926 0.139292
-47 21 -0.242274 0.12903
-47 23 -0.253497 0.128292
-47 25 -0.260634 0.133376
-47 27 -0.161378 0.139951
-47 29 -0.330715 0.165444
-47 31 -0.230707 0.130441
-47 33 -0.231872 0.131011
-47 35 -0.0899225 0.138157
-47 37 -0.193003 0.124276
-47 39 -0.103875 0.173648
-47 41 -0.187087 0.158643
-47 43 -0.116177 0.233732
-47 45 -0.117352 0.137731
-47 47 -0.207078 0.204917
-47 49 -0.189355 0.207194
-47 51 -0.117605 0.217546
-47 53 -0.293305 0.390288
-47 55 -0.185575 0.0995553
-47 57 0 0
-47 59 -0.100543 0.260095
-45 -59 0.00647253 -0.0523146
-45 -57 -0.0836955 -0.0906674
-45 -55 -0.105903 -0.150003
-45 -53 -0.0515387 -0.206268
-45 -51 -0.0156069 -0.0674813
-45 -49 -0.199505 -0.160705
-45 -47 -0.177551 -0.167261
-45 -45 -0.164224 -0.132208
-45 -43 -0.00148765 -0.0388305
-45 -41 -0.0970454 -0.167118
-45 -39 -0.242245 -0.103195
-45 -37 -0.13659 -0.13689
-45 -35 -0.360364 -0.173831
-45 -33 -0.173025 -0.190105
-45 -31 -0.14434 -0.118364
-45 -29 -0.267468 -0.19746
-45 -27 -0.186011 -0.0835886
-45 -25 -0.145458 -0.146224
-45 -23 -0.2368 -0.0961321
-45 -21 -0.308517 -0.136649
-45 -19 -0.286444 -0.133539
-45 -17 -0.131839 -0.0909391
-45 -15 -0.29786 -0.109811
-45 -13 -0.226435 -0.105061
-45 -11 -0.207009 -0.0637402
-45 -9 -0.374523 -0.0613961
-45 -7 -0.358507 -0.0143211
-45 -5 -0.216186 -0.0418057
-45 -3 -0.430184 -0.0556675
-45 -1 -0.330647 0.0325758
-45 1 -0.339371 0.0106106
-45 3 -0.281745 0.00414838
-45 5 -0.261488 0.0752977
-45 7 -0.3145 0.0408441
-45 9 -0.223285 0.0281457
-45 11 -0.209639 0.0846885
-45 13 -0.310532 0.0187903
-45 15 -0.399926 0.146847
-45 17 -0.34995 0.106047
-45 19 -0.295819 0.114647
-45 21 -0.434535 0.243178
-45 23 -0.342565 0.149548
-45 25 -0.403054 0.209483
-45 27 -0.238267 0.121405
-45 29 -0.300639 0.271835
-45 31 -0.258084 0.181183
-45 33 -0.161119 0.150468
-45 35 -0.184888 0.0547411
-45 37 -0.251243 0.219065
-45 39 -0.177383 0.175924
-45 41 -0.357294 0.347219
-45 43 -0.17979 0.17919
-45 45 -0.316652 0.268741
-45 47 -0.1312 0.14485
-45 49 -0.203156 0.177402
-45 51 -0.134963 0.205979
-45 53 -0.0738579 0.212556
-45 55 -0.209343 0.30636
-45 57 -0.197323 0.0819428
-45 59 0.000524059 0.217159
-43 -59 -0.166955 -0.211631
-43 -57 -0.102617 -0.0514755
-43 -55 -0.373926 -0.234447
-43 -53 -0.229481 -0.250829
-43 -51 -0.10599 -0.0185985
-43 -49 -0.181566 -0.198616
-43 -47 -0.174541 -0.247807
-43 -45 -0.0807422 -0.0611072
-43 -43 -0.207945 -0.226343
-43 -41 -0.264696 -0.123192
-43 -39 -0.143464 -0.178165
-43 -37 -0.22907 -0.146946
-43 -35 -0.346427 -0.221929
-43 -33 -0.194073 -0.193864
-43 -31 -0.315231 -0.228523
-43 -29 -0.299299 -0.20677
-43 -27 -0.300615 -0.233927
-43 -25 -0.190941 -0.0860421
-43 -23 -0.311311 -0.147671
-43 -21 -0.326237 -0.183149
-43 -19 -0.273483 -0.134964
-43 -17 -0.164258 -0.0978711
-43 -15 -0.220796 -0.0826721
-43 -13 -0.291115 -0.113786
-43 -11 -0.113026 -0.0329494
-43 -9 -0.287184 -0.0539574
-43 -7 -0.357088 -0.067998
-43 -5 -0.394771 -0.0908404
-43 -3 -0.214248 -0.034354
-43 -1 -0.304824 0.0196262
-43 1 -0.262315 0.0223935
-43 3 -0.226867 0.0482874
-43 5 -0.375295 0.0372347
-43 7 -0.252698 0.0944887
-43 9 -0.277238 0.090706
-43 11 -0.306483 0.0732761
-43 13 -0.167151 0.0987441
-43 15 -0.338985 0.0957002
-43 17 -0.258109 0.143586
-43 19 -0.309141 0.134425
-43 21 -0.323556 0.11392
-43 23 -0.131318 -0.00154599
-43 25 -0.244716 0.146096
-43 27 -0.31354 0.226342
-43 29 -0.224652 0.128654
-43 31 -0.216534 0.132767
-43 33 -0.201516 0.119232
-43 35 -0.317296 0.372925
-43 37 -0.348076 0.268367
-43 39 -0.216082 0.206175
-43 41 -0.116913 0.0797784
-43 43 -0.23148 0.179239
-43 45 -0.159581 0.013809
-43 47 -0.122474 0.090697
-43 49 -0.214782 0.280019
-43 51 -0.156485 0.197976
-43 53 -0.202403 0.310076
-43 55 -0.4546 0.561406
-43 57 -0.121991 0.0904044
-43 59 -0.130971 0.194404
-41 -59 -0.0509915 -0.146617
-41 -57 -0.221645 -0.53499
-41 -55 -0.187202 -0.220242
-41 -53 0 0
-41 -51 -0.123816 -0.239626
-41 -49 -0.146679 -0.168634
-41 -47 -0.241143 -0.223875
-41 -45 -0.134214 -0.167334
-41 -43 -0.105506 -0.183933
-41 -41 -0.0897785 0.0298895
-41 -39 -0.203297 -0.225635
-41 -37 -0.265081 -0.172987
-41 -35 -0.228905 -0.191944
-41 -33 -0.172132 -0.142924
-41 -31 -0.196075 -0.135068
-41 -29 -0.193401 -0.130701
-41 -27 -0.173051 -0.125624
-41 -25 -0.149183 -0.0974008
-41 -23 -0.131655 -0.0788906
-41 -21 -0.347811 -0.177369
-41 -19 -0.338175 -0.142978
-41 -17 -0.359065 -0.165716
-41 -15 -0.248338 -0.0793695
-41 -13 -0.318372 -0.0591428
-41 -11 -0.295098 -0.0869722
-41 -9 -0.29085 -0.0676484
-41 -7 -0.34307 -0.064331
-41 -5 -0.257644 -0.0256919
-41 -3 -0.28886 -0.0249836
-41 -1 -0.334325 -0.0135087
-41 1 -0.341459 -0.00652897
-41 3 -0.279127 0.0389116
-41 5 -0.237807 0.035123
-41 7 -0.325376 0.0274999
-41 9 -0.318941 0.0830058
-41 11 -0.2366 0.0648159
-41 13 -0.283311 0.09138
-41 15 -0.305002 0.0537812
-41 17 -0.337143 0.146326
-41 19 -0.211349 0.0801129
-41 21 -0.274261 0.137413
-41 23 -0.263746 0.120667
-41 25 -0.22581 0.133769
-41 27 -0.22 0.187821
-41 29 -0.243908 0.182844
-41 31 -0.302183 0.204425
-41 33 -0.214477 0.15195
-41 35 -0.162794 0.215422
-41 37 -0.189269 0.192438
-41 39 -0.140982 0.244177
-41 41 -0.172153 0.12708
-41 43 -0.167864 0.19802
-41 45 -0.0581584 0.100059
-41 47 -0.00658522 -0.0417832
-41 49 -0.212034 0.312494
-41 51 -0.225322 0.327876
-41 53 -0.168742 0.11062
-41 55 -0.173492 0.182334
-41 57 -0.134333 0.229065
-41 59 -0.137993 0.182622
-39 -59 -0.189455 -0.28763
-39 -57 -0.410433 -0.517374
-39 -55 0 0
-39 -53 -0.105178 -0.177328
-39 -51 -0.0580693 -0.230321
-39 -49 -0.0959164 -0.112253
-39 -47 -0.0785977 -0.197052
-39 -45 -0.242036 -0.189493
-39 -43 -0.233965 -0.255248
-39 -41 -0.227288 -0.213773
-39 -39 -0.19314 -0.173752
-39 -37 -0.180887 -0.156037
-39 -35 -0.110035 -0.0879647
-39 -33 -0.245297 -0.210413
-39 -31 -0.303502 -0.249347
-39 -29 -0.155239 -0.0997341
-39 -27 -0.205479 -0.118344
-39 -25 -0.357552 -0.156543
-39 -23 -0.262823 -0.146723
-39 -21 -0.228371 -0.107304
-39 -19 -0.19077 -0.0631083
-39 -17 -0.315209 -0.143036
-39 -15 -0.333187 -0.132351
-39 -13 -0.286702 -0.118994
-39 -11 -0.223546 -0.0792407
-39 -9 -0.295282 -0.0789124
-39 -7 -0.303757 -0.0696763
-39 -5 -0.344958 -0.0839697
-39 -3 -0.218151 0.00352449
-39 -1 -0.219157 0.0420764
-39 1 -0.309108 0.0467788
-39 3 -0.241056 0.0277762
-39 5 -0.367504 0.0449707
-39 7 -0.317246 0.0637168
-39 9 -0.25103 0.125501
-39 11 -0.271567 0.0573266
-39 13 -0.208518 0.0760513
-39 15 -0.319597 0.0414906
-39 17 -0.40958 0.196385
-39 19 -0.207016 0.0908146
-39 21 -0.340964 0.131772
-39 23 -0.267055 0.124425
-39 25 -0.238108 0.151411
-39 27 -0.235671 0.163593
-39 29 -0.209876 0.174732
-39 31 -0.170131 0.144394
-39 33 -0.168178 0.202355
-39 35 -0.290049 0.200461
-39 37 -0.166821 0.0994459
-39 39 -0.207291 0.185721
-39 41 -0.193374 0.159327
-39 43 -0.114676 0.138581
-39 45 -0.138817 0.238544
-39 47 -0.316046 0.516344
-39 49 -0.16519 0.238309
-39 51 -0.175119 0.232493
-39 53 -0.129461 0.20456
-39 55 0 0
-39 57 -0.143175 0.166699
-39 59 -0.160223 0.21333
-37 -59 -0.0341336 -0.375955
-37 -57 -0.181549 -0.276409
-37 -55 0.123993 -0.0242615
-37 -53 -0.162231 -0.308207
-37 -51 -0.355201 -0.4764
-37 -49 -0.0866817 -0.31324
-37 -47 -0.0919661 -0.146941
-37 -45 -0.135027 -0.197839
-37 -43 -0.144442 -0.17603
-37 -41 -0.135697 -0.116882
-37 -39 -0.203419 -0.218894
-37 -37 -0.0713687 -0.138708
-37 -35 -0.365175 -0.35036
-37 -33 -0.146706 -0.166903
-37 -31 -0.214626 -0.198483
-37 -29 -0.18774 -0.19376
-37 -27 -0.217682 -0.165451
-37 -25 -0.268577 -0.202819
-37 -23 -0.224244 -0.169315
-37 -21 -0.372612 -0.188485
-37 -19 -0.237663 -0.163883
-37 -17 -0.347454 -0.149316
-37 -15 -0.321562 -0.158591
-37 -13 -0.281615 -0.10441
-37 -11 -0.202837 -0.0556949
-37 -9 -0.312728 -0.0521904
-37 -7 -0.28064 -0.0440146
-37 -5 -0.350803 -0.0486099
-37 -3 -0.241197 -0.031828
-37 -1 -0.269223 0.0126017
-37 1 -0.323788 0.0347722
-37 3 -0.261106 0.0213616
-37 5 -0.280505 0.0543779
-37 7 -0.30104 0.0485774
-37 9 -0.288351 0.0716697
-37 11 -0.286252 0.0823467
-37 13 -0.308327 0.112831
-37 15 -0.318992 0.134914
-37 17 -0.296026 0.128666
-37 19 -0.196977 0.119784
-37 21 -0.245018 0.135206
-37 23 -0.138236 0.114597
-37 25 -0.288846 0.169264
-37 27 -0.122028 0.113763
-37 29 -0.280416 0.171948
-37 31 -0.245019 0.198347
-37 33 -0.244575 0.213441
-37 35 -0.156867 0.137078
-37 37 -0.418094 0.431701
-37 39 -0.259119 0.233593
-37 41 -0.128949 0.148505
-37 43 -0.194607 0.206834
-37 45 -0.182645 0.268072
-37 47 -0.16946 0.151121
-37 49 -0.0628779 0.105103
-37 51 -0.0829324 0.109942
-37 53 -0.107229 0.149283
-37 55 -0.344162 0.391075
-37 57 -0.156232 0.187276
-37 59 -0.186248 0.279182
-35 -59 -0.210122 -0.329057
-35 -57 -0.0188243 -0.265297
-35 -55 -0.0599868 -0.0921842
-35 -53 -0.0531656 -0.202442
-35 -51 -0.181074 -0.298601
-35 -49 -0.217703 -0.292772
-35 -47 -0.143132 -0.213349
-35 -45 -0.153345 -0.156861
-35 -43 -0.233894 -0.226464
-35 -41 -0.116867 -0.109545
-35 -39 -0.125821 -0.177122
-35 -37 -0.186362 -0.215496
-35 -35 -0.331383 -0.330596
-35 -33 -0.190251 -0.181474
-35 -31 -0.147642 -0.135377
-35 -29 -0.250768 -0.160035
-35 -27 -0.238209 -0.131049
-35 -25 -0.198639 -0.165905
-35 -23 -0.191672 -0.150208
-35 -21 -0.216434 -0.151715
-35 -19 -0.240002 -0.144563
-35 -17 -0.292252 -0.130247
-35 -15 -0.321451 -0.121531
-35 -13 -0.273597 -0.0943594
-35 -11 -0.339265 -0.108366
-35 -9 -0.327192 -0.08189
-35 -7 -0.378626 -0.0646777
-35 -5 -0.418608 -0.0580411
-35 -3 -0.320675 -0.0340231
-35 -1 -0.445496 0.000555362
-35 1 -0.479659 0.0191759
-35 3 -0.416298 0.0463912
-35 5 -0.420812 0.0578012
-35 7 -0.350327 0.0574082
-35 9 -0.281366 0.0905525
-35 11 -0.401334 0.133042
-35 13 -0.307792 0.0860166
-35 15 -0.27856 0.134866
-35 17 -0.244686 0.130277
-35 19 -0.2651 0.129802
-35 21 -0.271016 0.167368
-35 23 -0.304223 0.21032
-35 25 -0.178234 0.123387
-35 27 -0.228803 0.190405
-35 29 -0.216876 0.160958
-35 31 -0.124668 0.105888
-35 33 -0.222922 0.204383
-35 35 -0.231245 0.239158
-35 37 -0.237273 0.261753
-35 39 -0.197905 0.232093
-35 41 -0.150453 0.200041
-35 43 -0.201439 0.19522
-35 45 -0.151532 0.244904
-35 47 -0.0562621 0.13018
-35 49 -0.148815 0.204842
-35 51 -0.124496 0.132462
-35 53 -0.0414694 0.123679
-35 55 -0.228232 0.259396
-35 57 -0.204733 0.319135
-35 59 -0.139738 0.106389
-33 -59 -0.150618 -0.307341
-33 -57 -0.101795 -0.00702118
-33 -55 -0.173164 -0.184852
-33 -53 -0.157547 -0.260377
-33 -51 -0.0618841 -0.205761
-33 -49 -0.122004 -0.150042
-33 -47 -0.18852 -0.137309
-33 -45 -0.0966955 -0.152282
-33 -43 -0.222892 -0.311108
-33 -41 -0.165961 -0.183309
-33 -39 -0.110588 -0.0562523
-33 -37 -0.182864 -0.210014
-33 -35 -0.340347 -0.34537
-33 -33 -0.115425 -0.211372
-33 -31 -0.227969 -0.218315
-33 -29 -0.174828 -0.194305
-33 -27 -0.224343 -0.148149
-33 -25 -0.170053 -0.185035
-33 -23 -0.280953 -0.215759
-33 -21 -0.170191 -0.124447
-33 -19 -0.280059 -0.138333
-33 -17 -0.278689 -0.118446
-33 -15 -0.258521 -0.120835
-33 -13 -0.337112 -0.12503
-33 -11 -0.43121 -0.153486
-33 -9 -0.471983 -0.125589
-33 -7 -0.464276 -0.0992636
-33 -5 -0.488764 -0.0741294
-33 -3 -0.518423 -0.0447009
-33 -1 -0.517539 -0.0143571
-33 1 -0.511783 0.0129922
-33 3 -0.496704 0.0417109
-33 5 -0.490729 0.0696623
-33 7 -0.503043 0.106445
-33 9 -0.41839 0.115023
-33 11 -0.414453 0.142595
-33 13 -0.301889 0.125001
-33 15 -0.283433 0.116848
-33 17 -0.176714 0.112722
-33 19 -0.273421 0.155062
-33 21 -0.288667 0.183674
-33 23 -0.161638 0.118641
-33 25 -0.25791 0.156265
-33 27 -0.235768 0.210246
-33 29 -0.173937 0.210064
-33 31 -0.21004 0.229074
-33 33 -0.189711 0.213176
-33 35 -0.153468 0.227159
-33 37 -0.238944 0.243913
-33 39 -0.140862 0.175608
-33 41 -0.242103 0.238336
-33 43 -0.159386 0.136933
-33 45 -0.158079 0.292182
-33 47 -0.263208 0.236574
-33 49 -0.0468092 0.0754062
-33 51 -0.134584 0.243963
-33 53 -0.153778 0.243145
-33 55 -0.162513 0.197535
-33 57 -0.417467 0.615191
-33 59 -0.0728724 0.122298
-31 -59 -0.0822174 -0.139541
-31 -57 -0.113538 -0.231273
-31 -55 -0.131607 -0.166239
-31 -53 -0.197532 -0.234473
-31 -51 -0.185042 -0.232195
-31 -49 -0.18418 -0.389232
-31 -47 -0.192912 -0.169068
-31 -45 -0.151834 -0.231491
-31 -43 -0.206771 -0.255768
-31 -41 -0.172178 -0.168435
-31 -39 -0.201268 -0.214285
-31 -37 -0.120786 -0.196473
-31 -35 -0.173256 -0.142157
-31 -33 -0.114119 -0.108473
-31 -31 -0.204444 -0.224305
-31 -29 -0.253159 -0.259018
-31 -27 -0.174485 -0.177416
-31 -25 -0.168039 -0.13818
-31 -23 -0.177623 -0.132146
-31 -21 -0.346088 -0.247295
-31 -19 -0.211997 -0.138695
-31 -17 -0.355823 -0.180602
-31 -15 -0.426251 -0.200667
-31 -13 -0.452591 -0.176001
-31 -11 -0.4751 -0.162692
-31 -9 -0.494041 -0.136066
-31 -7 -0.497381 -0.101745
-31 -5 -0.495953 -0.0752011
-31 -3 -0.493049 -0.0428815
-31 -1 -0.502199 -0.0152325
-31 1 -0.509586 0.0157588
-31 3 -0.496589 0.0451127
-31 5 -0.503639 0.075695
-31 7 -0.503781 0.106756
-31 9 -0.496644 0.133812
-31 11 -0.477111 0.157317
-31 13 -0.480882 0.190272
-31 15 -0.473376 0.221895
-31 17 -0.371348 0.198169
-31 19 -0.241612 0.121315
-31 21 -0.27585 0.189972
-31 23 -0.295801 0.22767
-31 25 -0.248994 0.208514
-31 27 -0.217999 0.203402
-31 29 -0.295637 0.311011
-31 31 -0.189521 0.155058
-31 33 -0.197515 0.271216
-31 35 -0.215331 0.295072
-31 37 -0.13899 0.189133
-31 39 -0.201745 0.282835
-31 41 -0.146283 0.231058
-31 43 -0.201096 0.264685
-31 45 -0.119552 0.148453
-31 47 -0.222016 0.456718
-31 49 -0.00281149 0.00613404
-31 51 -0.140158 0.206118
-31 53 -0.208508 0.389039
-31 55 -0.175815 0.158171
-31 57 0.030419 0.187397
-31 59 -0.120387 0.223876
-29 -59 0.0271321 -0.0931323
-29 -57 -0.26555 -0.383033
-29 -55 -0.0901468 -0.181274
-29 -53 -0.177429 -0.363079
-29 -51 -0.171333 -0.322848
-29 -49 -0.232287 -0.307626
-29 -47 -0.132497 -0.266549
-29 -45 -0.150838 -0.296889
-29 -43 -0.116421 -0.200098
-29 -41 -0.176934 -0.237596
-29 -39 -0.180569 -0.262241
-29 -37 -0.125638 -0.170275
-29 -35 -0.241631 -0.280005
-29 -33 -0.212566 -0.268821
-29 -31 -0.228642 -0.260997
-29 -29 -0.197445 -0.16674
-29 -27 -0.200873 -0.221864
-29 -25 -0.205225 -0.188272
-29 -23 -0.296486 -0.254104
-29 -21 -0.301674 -0.215706
-29 -19 -0.390519 -0.251889
-29 -17 -0.437448 -0.242187
-29 -15 -0.450619 -0.220919
-29 -13 -0.459038 -0.194807
-29 -11 -0.46909 -0.170415
-29 -9 -0.478897 -0.142139
-29 -7 -0.494148 -0.112967
-29 -5 -0.488534 -0.0815973
-29 -3 -0.506421 -0.0514774
-29 -1 -0.500119 -0.0168238
-29 1 -0.512081 0.0165455
-29 3 -0.504341 0.0513488
-29 5 -0.496752 0.0824778
-29 7 -0.485278 0.112891
-29 9 -0.468512 0.13843
-29 11 -0.458071 0.164093
-29 13 -0.462809 0.194828
-29 15 -0.456385 0.224287
-29 17 -0.440535 0.246617
-29 19 -0.413154 0.245519
-29 21 -0.260514 0.216111
-29 23 -0.20002 0.176088
-29 25 -0.23199 0.201624
-29 27 -0.234276 0.2364
-29 29 -0.124087 0.15494
-29 31 -0.175633 0.214102
-29 33 -0.194987 0.227469
-29 35 -0.284183 0.29886
-29 37 -0.126668 0.14131
-29 39 -0.130075 0.146253
-29 41 -0.11906 0.291768
-29 43 -0.148182 0.249255
-29 45 -0.222133 0.396375
-29 47 -0.176796 0.32529
-29 49 -0.121159 0.226888
-29 51 -0.198166 0.377854
-29 53 -0.245115 0.432214
-29 55 -0.0816207 0.306163
-29 57 -0.165351 0.329803
-29 59 -0.11872 0.293561
-27 -59 -0.273378 -0.593021
-27 -57 -0.188955 -0.361704
-27 -55 -0.130185 -0.274112
-27 -53 -0.104875 -0.275214
-27 -51 -0.0693569 -0.26865
-27 -49 -0.0231703 -0.0685299
-27 -47 -0.0678623 -0.162075
-27 -45 -0.103686 -0.132304
-27 -43 -0.0875681 -0.160174
-27 -41 -0.167473 -0.270789
-27 -39 -0.12433 -0.197507
-27 -37 -0.186579 -0.202928
-27 -35 -0.0725843 -0.102701
-27 -33 -0.207547 -0.255301
-27 -31 -0.182381 -0.265794
-27 -29 -0.265905 -0.233427
-27 -27 -0.198527 -0.210266
-27 -25 -0.351782 -0.325038
-27 -23 -0.272329 -0.221764
-27 -21 -0.405082 -0.297644
-27 -19 -0.429205 -0.285636
-27 -17 -0.431428 -0.257474
-27 -15 -0.437257 -0.22969
-27 -13 -0.44861 -0.206668
-27 -11 -0.472915 -0.1864
-27 -9 -0.486382 -0.155515
-27 -7 -0.521854 -0.13174
-27 -5 -0.542268 -0.0981159
-27 -3 -0.560358 -0.0599491
-27 -1 -0.572907 -0.0212895
-27 1 -0.57035 0.0198011
-27 3 -0.556078 0.0594894
-27 5 -0.54462 0.0981844
-27 7 -0.510174 0.127435
-27 9 -0.488532 0.156633
-27 11 -0.46567 0.181838
-27 13 -0.446314 0.204545
-27 15 -0.443691 0.235553
-27 17 -0.434028 0.260153
-27 19 -0.412242 0.274932
-27 21 -0.376019 0.275524
-27 23 -0.299455 0.24029
-27 25 -0.261751 0.230096
-27 27 -0.173477 0.202671
-27 29 -0.167903 0.201309
-27 31 -0.161774 0.177185
-27 33 -0.186346 0.21652
-27 35 -0.247248 0.324586
-27 37 -0.200406 0.258021
-27 39 -0.126563 0.169601
-27 41 -0.183754 0.301159
-27 43 -0.195792 0.291967
-27 45 -0.0879312 0.129237
-27 47 -0.119148 0.258629
-27 49 -0.120942 0.115809
-27 51 -0.2883 0.493986
-27 53 -0.150531 0.173758
-27 55 -0.256589 0.387725
-27 57 -0.189002 0.277677
-27 59 -0.0764725 0.195225
-25 -59 -0.10333 -0.224627
-25 -57 -0.144882 -0.37718
-25 -55 -0.106288 -0.264574
-25 -53 -0.160756 -0.212451
-25 -51 -0.0157968 -0.0589774
-25 -49 -0.101802 -0.0800879
-25 -47 -0.222945 -0.348452
-25 -45 -0.0598492 -0.213464
-25 -43 -0.190896 -0.266114
-25 -41 -0.153702 -0.286819
-25 -39 -0.11908 -0.202946
-25 -37 -0.106169 -0.161685
-25 -35 -0.144268 -0.163333
-25 -33 -0.242945 -0.341681
-25 -31 -0.207931 -0.280468
-25 -29 -0.141319 -0.175572
-25 -27 -0.228747 -0.273932
-25 -25 -0.291025 -0.294891
-25 -23 -0.371804 -0.325868
-25 -21 -0.393646 -0.314167
-25 -19 -0.39528 -0.287013
-25 -17 -0.404329 -0.262696
-25 -15 -0.431557 -0.249776
-25 -13 -0.469394 -0.235716
-25 -11 -0.512653 -0.219713
-25 -9 -0.554211 -0.194352
-25 -7 -0.591519 -0.161604
-25 -5 -0.616127 -0.121109
-25 -3 -0.635436 -0.075314
-25 -1 -0.646131 -0.0269855
-25 1 -0.647509 0.0251708
-25 3 -0.632017 0.0747009
-25 5 -0.618006 0.120451
-25 7 -0.589631 0.161946
-25 9 -0.555362 0.193429
-25 11 -0.50403 0.214513
-25 13 -0.468547 0.236887
-25 15 -0.426566 0.247515
-25 17 -0.404003 0.261773
-25 19 -0.394527 0.285233
-25 21 -0.399804 0.32033
-25 23 -0.381351 0.334989
-25 25 -0.306532 0.305077
-25 27 -0.174976 0.191745
-25 29 -0.175334 0.222727
-25 31 -0.208967 0.25292
-25 33 -0.12644 0.195965
-25 35 -0.216009 0.356882
-25 37 -0.164129 0.220597
-25 39 -0.089558 0.191733
-25 41 -0.0745403 0.147703
-25 43 -0.193161 0.28074
-25 45 -0.134926 0.307533
-25 47 -0.142289 0.305861
-25 49 -0.0899498 0.264251
-25 51 -0.109378 0.274
-25 53 -0.160435 0.205782
-25 55 -0.117161 0.405164
-25 57 -0.0309319 0.0890847
-25 59 -0.218514 0.419352
-23 -59 -0.0771702 -0.0898351
-23 -57 -0.106598 -0.225874
-23 -55 -0.0512975 -0.156435
-23 -53 -0.0752534 -0.154689
-23 -51 -0.0488097 -0.0663393
-23 -49 -0.0568294 -0.258615
-23 -47 -0.125674 -0.241257
-23 -45 -0.127962 -0.222773
-23 -43 -0.15443 -0.29488
-23 -41 -0.0991878 -0.267346
-23 -39 -0.158505 -0.319276
-23 -37 -0.0752929 -0.147144
-23 -35 -0.196958 -0.285179
-23 -33 -0.135833 -0.220886
-23 -31 -0.153104 -0.213723
-23 -29 -0.195329 -0.247983
-23 -27 -0.270239 -0.328522
-23 -25 -0.347244 -0.357502
-23 -23 -0.356765 -0.33741
-23 -21 -0.359486 -0.314158
-23 -19 -0.372978 -0.296873
-23 -17 -0.41443 -0.296458
-23 -15 -0.459238 -0.291326
-23 -13 -0.517036 -0.285622
-23 -11 -0.560052 -0.26402
-23 -9 -0.602736 -0.233838
-23 -7 -0.627289 -0.188284
-23 -5 -0.64364 -0.139353
-23 -3 -0.649282 -0.0841206
-23 -1 -0.656417 -0.0283942
-23 1 -0.65296 0.0285558
-23 3 -0.650912 0.0840169
-23 5 -0.64374 0.139087
-23 7 -0.627762 0.189516
-23 9 -0.60388 0.233475
-23 11 -0.55869 0.262635
-23 13 -0.515604 0.286218
-23 15 -0.454294 0.289321
-23 17 -0.408383 0.291695
-23 19 -0.375197 0.299632
-23 21 -0.370145 0.326806
-23 23 -0.358873 0.340269
-23 25 -0.345153 0.360889
-23 27 -0.270292 0.312499
-23 29 -0.166101 0.229357
-23 31 -0.142936 0.185898
-23 33 -0.145 0.248584
-23 35 -0.153115 0.250653
-23 37 -0.136806 0.194829
-23 39 -0.0941665 0.224759
-23 41 -0.136385 0.212736
-23 43 -0.0863934 0.166984
-23 45 -0.10173 0.211209
-23 47 -0.19431 0.359882
-23 49 -0.0610554 0.226366
-23 51 -0.139558 0.371646
-23 53 0.0278892 0.217102
-23 55 -0.156107 0.189305
-23 57 -0.102877 0.43727
-23 59 -0.0334456 0.218098
-21 -59 -0.100767 -0.369472
-21 -57 -0.0635144 -0.164892
-21 -55 -0.0322006 -0.186826
-21 -53 -0.192712 -0.420822
-21 -51 -0.0287343 -0.102717
-21 -49 -0.0733321 -0.188957
-21 -47 -0.117655 -0.183045
-21 -45 -0.045386 -0.163221
-21 -43 -0.118759 -0.134666
-21 -41 -0.089727 -0.247766
-21 -39 -0.0752632 -0.252404
-21 -37 -0.112733 -0.269113
-21 -35 -0.205427 -0.315359
-21 -33 -0.144661 -0.231249
-21 -31 -0.122371 -0.208025
-21 -29 -0.184799 -0.265797
-21 -27 -0.30506 -0.385077
-21 -25 -0.326861 -0.372893
-21 -23 -0.328877 -0.34684
-21 -21 -0.339111 -0.330046
-21 -19 -0.370617 -0.327571
-21 -17 -0.433495 -0.346352
-21 -15 -0.495602 -0.349984
-21 -13 -0.544926 -0.334438
-21 -11 -0.578558 -0.301197
-21 -9 -0.593466 -0.254875
-21 -7 -0.603839 -0.202196
-21 -5 -0.606247 -0.146088
-21 -3 -0.608499 -0.0880118
-21 -1 -0.60827 -0.0291103
-21 1 -0.607541 0.0292495
-21 3 -0.607293 0.0876278
-21 5 -0.607434 0.1459
-21 7 -0.603736 0.202331
-21 9 -0.591957 0.254284
-21 11 -0.575684 0.300152
-21 13 -0.545613 0.334341
-21 15 -0.490289 0.346555
-21 17 -0.430981 0.343163
-21 19 -0.377801 0.334335
-21 21 -0.340881 0.33129
-21 23 -0.325647 0.342795
-21 25 -0.327203 0.372776
-21 27 -0.327512 0.400738
-21 29 -0.200663 0.299166
-21 31 -0.14918 0.254348
-21 33 -0.191012 0.301388
-21 35 -0.116204 0.220785
-21 37 -0.123167 0.252579
-21 39 -0.104616 0.22187
-21 41 -0.10507 0.177115
-21 43 -0.1005 0.209881
-21 45 -0.128601 0.150926
-21 47 -0.150939 0.332721
-21 49 -0.056926 0.317654
-21 51 -0.00707343 0.154652
-21 53 -0.129898 0.340406
-21 55 -0.110996 0.220582
-21 57 -0.174062 0.309297
-21 59 0.00234402 0.239354
-19 -59 -0.198452 -0.191805
-19 -57 -0.0250003 -0.217096
-19 -55 -0.0435691 -0.149006
-19 -53 -0.0767344 -0.259044
-19 -51 -0.142236 -0.327388
-19 -49 -0.121768 -0.223686
-19 -47 -0.138212 -0.271555
-19 -45 -0.0926758 -0.273408
-19 -43 -0.158977 -0.284772
-19 -41 -0.0423955 -0.190121
-19 -39 -0.163335 -0.352701
-19 -37 -0.119392 -0.305847
-19 -35 -0.113183 -0.268158
-19 -33 -0.154112 -0.280399
-19 -31 -0.162486 -0.296269
-19 -29 -0.279641 -0.416366
-19 -27 -0.292284 -0.400806
-19 -25 -0.293004 -0.371782
-19 -23 -0.301524 -0.357081
-19 -21 -0.340406 -0.370054
-19 -19 -0.395549 -0.391516
-19 -17 -0.45566 -0.406895
-19 -15 -0.499136 -0.394762
-19 -13 -0.525901 -0.36251
-19 -11 -0.539366 -0.317842
-19 -9 -0.54251 -0.262149
-19 -7 -0.540951 -0.205474
-19 -5 -0.538047 -0.146412
-19 -3 -0.534568 -0.0875283
-19 -1 -0.5328 -0.0287155
-19 1 -0.532515 0.0297529
-19 3 -0.534759 0.0880719
-19 5 -0.538183 0.146994
-19 7 -0.540244 0.204659
-19 9 -0.544082 0.263816
-19 11 -0.540188 0.316781
-19 13 -0.526522 0.363614
-19 15 -0.502695 0.395696
-19 17 -0.455286 0.406031
-19 19 -0.390815 0.386758
-19 21 -0.331789 0.362842
-19 23 -0.299487 0.353903
-19 25 -0.290131 0.369335
-19 27 -0.291476 0.40007
-19 29 -0.273785 0.406047
-19 31 -0.195002 0.332391
-19 33 -0.173069 0.282123
-19 35 -0.0942006 0.254892
-19 37 -0.1483 0.298107
-19 39 -0.116237 0.195564
-19 41 -0.111393 0.30132
-19 43 -0.0212709 0.0843069
-19 45 -0.171847 0.439996
-19 47 -0.0919701 0.199527
-19 49 -0.111133 0.254971
-19 51 -0.0168564 -0.0280538
-19 53 -0.0628856 0.322007
-19 55 -0.0672992 0.184089
-19 57 0.0689024 0.0338952
-19 59 -0.0369645 0.101331
-17 -59 -0.00374183 -0.0853343
-17 -57 -0.00904843 -0.115237
-17 -55 -0.135554 -0.268769
-17 -53 -0.0822768 -0.147787
-17 -51 -0.0168748 -0.156333
-17 -49 -0.163315 -0.439276
-17 -47 -0.0790807 -0.246782
-17 -45 -0.0397474 -0.229724
-17 -43 -0.115311 -0.318409
-17 -41 -0.0711245 -0.207209
-17 -39 -0.0896792 -0.278835
-17 -37 -0.100813 -0.224766
-17 -35 -0.084349 -0.15953
-17 -33 -0.115006 -0.247568
-17 -31 -0.190947 -0.365675
-17 -29 -0.262292 -0.435764
-17 -27 -0.256418 -0.395316
-17 -25 -0.257296 -0.371334
-17 -23 -0.288118 -0.388951
-17 -21 -0.339074 -0.417326
-17 -19 -0.398858 -0.4488
-17 -17 -0.443162 -0.448982
-17 -15 -0.467754 -0.42198
-17 -13 -0.478675 -0.377129
-17 -11 -0.477337 -0.320776
-17 -9 -0.47204 -0.262118
-17 -7 -0.463498 -0.201537
-17 -5 -0.455926 -0.142008
-17 -3 -0.449134 -0.0846394
-17 -1 -0.445273 -0.0282509
-17 1 -0.44528 0.0281705
-17 3 -0.449232 0.0846576
-17 5 -0.456352 0.142594
-17 7 -0.463345 0.200968
-17 9 -0.472927 0.262364
-17 11 -0.476097 0.320312
-17 13 -0.476477 0.375396
-17 15 -0.467318 0.421191
-17 17 -0.445341 0.451329
-17 19 -0.396334 0.445018
-17 21 -0.333001 0.411335
-17 23 -0.289507 0.389418
-17 25 -0.265055 0.382796
-17 27 -0.256753 0.399762
-17 29 -0.254489 0.420493
-17 31 -0.228418 0.407343
-17 33 -0.113903 0.245454
-17 35 -0.164861 0.362707
-17 37 -0.0801806 0.257756
-17 39 -0.0837439 0.193815
-17 41 -0.0416229 0.269683
-17 43 -0.0772556 0.190166
-17 45 -0.176172 0.221824
-17 47 -0.0476899 0.263716
-17 49 -0.0223374 0.267455
-17 51 -0.081035 0.153655
-17 53 -0.0451063 0.203746
-17 55 -0.0732151 0.18538
-17 57 -0.0462274 0.246087
-17 59 -0.0893161 0.216098
-15 -59 -0.145849 -0.397045
-15 -57 -0.063658 -0.300784
-15 -55 -0.073816 -0.41942
-15 -53 -0.10246 -0.379538
-15 -51 -0.128423 -0.0817897
-15 -49 0.0491039 -0.290689
-15 -47 -0.0874196 -0.30498
-15 -45 -0.0269298 -0.165614
-15 -43 -0.153711 -0.371946
-15 -41 -0.0804921 -0.306716
-15 -39 -0.109829 -0.340148
-15 -37 -0.0985148 -0.270502
-15 -35 -0.0927348 -0.238011
-15 -33 -0.119849 -0.332665
-15 -31 -0.223846 -0.454312
-15 -29 -0.22179 -0.418264
-15 -27 -0.223665 -0.397554
-15 -25 -0.239863 -0.401333
-15 -23 -0.279011 -0.431684
-15 -21 -0.331537 -0.473646
-15 -19 -0.378727 -0.492096
-15 -17 -0.403648 -0.474051
-15 -15 -0.412281 -0.431852
-15 -13 -0.410593 -0.376552
-15 -11 -0.402364 -0.316519
-15 -9 -0.392067 -0.254892
-15 -7 -0.380231 -0.193825
-15 -5 -0.367125 -0.134467
-15 -3 -0.356682 -0.0789114
-15 -1 -0.350239 -0.0258753
-15 1 -0.350027 0.0257872
-15 3 -0.356492 0.0788958
-15 5 -0.367398 0.134469
-15 7 -0.380049 0.193333
-15 9 -0.391992 0.25493
-15 11 -0.403902 0.316915
-15 13 -0.411736 0.378153
-15 15 -0.413587 0.432319
-15 17 -0.404101 0.475361
-15 19 -0.376484 0.488144
-15 21 -0.331433 0.472205
-15 23 -0.274554 0.425945
-15 25 -0.237987 0.398317
-15 27 -0.225656 0.400159
-15 29 -0.220357 0.418343
-15 31 -0.229107 0.456274
-15 33 -0.113358 0.294449
-15 35 -0.0998832 0.19277
-15 37 -0.126284 0.30503
-15 39 -0.0988963 0.291396
-15 41 -0.0845691 0.243522
-15 43 -0.155871 0.365761
-15 45 -0.0682492 0.214113
-15 47 -0.0823709 0.34754
-15 49 -0.139642 0.271933
-15 51 -0.110462 0.226483
-15 53 -0.0881302 0.263276
-15 55 0.0105673 0.0877397
-15 57 -0.0408781 0.208364
-15 59 -0.0237324 0.317152
-13 -59 -0.0764619 -0.131918
-13 -57 -0.125545 -0.275761
-13 -55 -0.0834717 -0.233645
-13 -53 -0.0690588 -0.237795
-13 -51 -0.0483801 -0.117505
-13 -49 -0.0739614 -0.0461093
-13 -47 -0.109595 -0.260219
-13 -45 -0.0615364 -0.261961
-13 -43 -0.101015 -0.412667
-13 -41 -0.0782158 -0.226086
-13 -39 -0.0270369 -0.22716
-13 -37 -0.056526 -0.29693
-13 -35 -0.0876262 -0.252737
-13 -33 -0.158463 -0.418866
-13 -31 -0.195162 -0.462108
-13 -29 -0.188557 -0.418206
-13 -27 -0.195251 -0.408841
-13 -25 -0.215068 -0.422969
-13 -23 -0.260459 -0.474947
-13 -21 -0.307677 -0.516906
-13 -19 -0.335253 -0.515722
-13 -17 -0.346547 -0.483671
-13 -15 -0.34602 -0.43237
-13 -13 -0.339055 -0.372894
-13 -11 -0.327299 -0.308375
-13 -9 -0.312711 -0.24395
-13 -7 -0.295134 -0.180175
-13 -5 -0.275429 -0.121263
-13 -3 -0.257458 -0.068293
-13 -1 -0.246913 -0.0218915
-13 1 -0.246797 0.0219184
-13 3 -0.257889 0.0685937
-13 5 -0.275202 0.120948
-13 7 -0.294934 0.180416
-13 9 -0.312186 0.243523
-13 11 -0.327267 0.307978
-13 13 -0.338308 0.371084
-13 15 -0.34588 0.432387
-13 17 -0.347086 0.483683
-13 19 -0.334643 0.514357
-13 21 -0.306186 0.515976
-13 23 -0.254913 0.466247
-13 25 -0.215631 0.424565
-13 27 -0.19092 0.399383
-13 29 -0.186544 0.413489
-13 31 -0.196422 0.470511
-13 33 -0.145318 0.376664
-13 35 -0.0556285 0.230601
-13 37 -0.0754037 0.228278
-13 39 -0.079349 0.241792
-13 41 -0.030792 0.183377
-13 43 -0.0170502 0.285153
-13 45 -0.040479 0.167734
-13 47 -0.100481 0.195013
-13 49 -0.0378172 0.210388
-13 51 -0.026521 0.231176
-13 53 -0.00863614 0.290255
-13 55 -0.0160295 0.135745
-13 57 -0.0902518 0.39404
-13 59 -0.0137157 0.123187
-11 -59 -0.116107 -0.334642
-11 -57 -0.0290195 -0.365413
-11 -55 0.0306793 -0.144177
-11 -53 -0.0223733 -0.254025
-11 -51 -0.132059 -0.28834
-11 -49 -0.0625499 -0.238063
-11 -47 0.000730456 -0.175817
-11 -45 -0.0379958 -0.327689
-11 -43 -0.013143 -0.165365
-11 -41 -0.0804833 -0.271717
-11 -39 -0.0782772 -0.172429
-11 -37 -0.0332178 -0.300899
-11 -35 -0.0471949 -0.182686
-11 -33 -0.152621 -0.470536
-11 -31 -0.160792 -0.455711
-11 -29 -0.153322 -0.412008
-11 -27 -0.164754 -0.419078
-11 -25 -0.189758 -0.452701
-11 -23 -0.229986 -0.511821
-11 -21 -0.260561 -0.535773
-11 -19 -0.278214 -0.525273
-11 -17 -0.280427 -0.483294
-11 -15 -0.276353 -0.42834
-11 -13 -0.265634 -0.362852
-11 -11 -0.252468 -0.296166
-11 -9 -0.23452 -0.227617
-11 -7 -0.211453 -0.161795
-11 -5 -0.185497 -0.102551
-11 -3 -0.163635 -0.0553345
-11 -1 -0.152235 -0.0175343
-11 1 -0.152453 0.0174941
-11 3 -0.163746 0.0555609
-11 5 -0.185354 0.102642
-11 7 -0.21164 0.161525
-11 9 -0.234485 0.227636
-11 11 -0.252005 0.295411
-11 13 -0.265997 0.363098
-11 15 -0.275956 0.426865
-11 17 -0.280948 0.484554
-11 19 -0.279418 0.527192
-11 21 -0.263506 0.540577
-11 23 -0.230681 0.51071
-11 25 -0.191947 0.4576
-11 27 -0.16385 0.415634
-11 29 -0.154471 0.415224
-11 31 -0.158585 0.452996
-11 33 -0.156427 0.468013
-11 35 -0.101412 0.3172
-11 37 -0.0977359 0.257861
-11 39 -0.0726827 0.306138
-11 41 -0.0725227 0.251414
-11 43 -0.0717359 0.247546
-11 45 -0.0338603 0.214704
-11 47 -0.0841657 0.338317
-11 49 -0.0745941 0.393865
-11 51 -0.0750258 0.244011
-11 53 -0.0250199 0.183468
-11 55 -0.073697 0.222168
-11 57 -0.0836565 0.307588
-11 59 -0.0424603 0.321833
-9 -59 0.10477 -0.0854725
-9 -57 -0.0823491 -0.340618
-9 -55 -0.0515246 -0.156865
-9 -53 -0.0601491 -0.263248
-9 -51 -0.0907718 -0.18311
-9 -49 0.0520856 -0.353146
-9 -47 -0.032653 -0.198342
-9 -45 -0.0321318 -0.22087
-9 -43 -0.0226028 -0.161042
-9 -41 -0.0355891 -0.190027
-9 -39 -0.0718779 -0.300762
-9 -37 -0.0785641 -0.207831
-9 -35 -0.0830113 -0.321394
-9 -33 -0.127185 -0.488633
-9 -31 -0.123946 -0.440701
-9 -29 -0.122776 -0.417903
-9 -27 -0.133542 -0.428085
-9 -25 -0.159558 -0.483395
-9 -23 -0.187214 -0.530577
-9 -21 -0.209157 -0.551204
-9 -19 -0.215758 -0.527237
-9 -17 -0.213504 -0.480754
-9 -15 -0.207106 -0.41955
-9 -13 -0.196082 -0.352833
-9 -11 -0.181884 -0.282915
-9 -9 -0.162042 -0.2101
-9 -7 -0.136635 -0.140814
-9 -5 -0.111375 -0.0852851
-9 -3 -0.0944932 -0.0456476
-9 -1 -0.0868323 -0.0144674
-9 1 -0.0868033 0.0144036
-9 3 -0.0945007 0.0456375
-9 5 -0.111393 0.0853526
-9 7 -0.136823 0.140689
-9 9 -0.162201 0.209565
-9 11 -0.181731 0.282293
-9 13 -0.195698 0.353209
-9 15 -0.207029 0.420072
-9 17 -0.213279 0.479645
-9 19 -0.216171 0.528244
-9 21 -0.208627 0.549917
-9 23 -0.190238 0.537235
-9 25 -0.15752 0.477803
-9 27 -0.133944 0.428562
-9 29 -0.125741 0.420829
-9 31 -0.128225 0.454159
-9 33 -0.119908 0.464442
-9 35 -0.0942854 0.33726
-9 37 -0.0342117 0.250691
-9 39 -0.0675811 0.241938
-9 41 -0.0164736 0.236414
-9 43 -0.0154296 0.270888
-9 45 -0.0216678 0.232356
-9 47 -0.0370694 0.298472
-9 49 -0.0442811 0.304314
-9 51 -0.0544893 0.396606
-9 53 -0.00978166 0.116766
-9 55 -0.0191155 -0.00167446
-9 57 -0.0488899 0.316561
-9 59 0.00877711 0.27975
-7 -59 -0.0879818 -0.409784
-7 -57 -0.0422288 -0.151287
-7 -55 -0.0695772 -0.11281
-7 -53 -0.00590428 -0.309054
-7 -51 -0.103842 -0.336976
-7 -49 -0.0686268 -0.242658
-7 -47 0.0038045 -0.131899
-7 -45 -0.0228932 -0.216679
-7 -43 -0.0525114 -0.265902
-7 -41 -0.0357016 -0.271158
-7 -39 -0.0414831 -0.291032
-7 -37 -0.0320477 -0.281161
-7 -35 -0.0681891 -0.419376
-7 -33 -0.0945175 -0.475529
-7 -31 -0.0913762 -0.43912
-7 -29 -0.092336 -0.422065
-7 -27 -0.102058 -0.443036
-7 -25 -0.120443 -0.493562
-7 -23 -0.139089 -0.541245
-7 -21 -0.150213 -0.550059
-7 -19 -0.15232 -0.523897
-7 -17 -0.147122 -0.472235
-7 -15 -0.139162 -0.411726
-7 -13 -0.128604 -0.343762
-7 -11 -0.115655 -0.270329
-7 -9 -0.0977839 -0.194626
-7 -7 -0.0760938 -0.124768
-7 -5 -0.0575752 -0.074384
-7 -3 -0.0467301 -0.0400857
-7 -1 -0.0422869 -0.0128414
-7 1 -0.0422187 0.0128267
-7 3 -0.0468192 0.0399866
-7 5 -0.0575981 0.0743614
-7 7 -0.0762298 0.124795
-7 9 -0.0977434 0.194229
-7 11 -0.115592 0.270979
-7 13 -0.128485 0.344243
-7 15 -0.139534 0.412399
-7 17 -0.147657 0.475342
-7 19 -0.152087 0.523704
-7 21 -0.149718 0.551737
-7 23 -0.138803 0.543678
-7 25 -0.119665 0.494448
-7 27 -0.0999399 0.435712
-7 29 -0.0921252 0.420815
-7 31 -0.0915075 0.438762
-7 33 -0.0978013 0.49309
-7 35 -0.0796737 0.436485
-7 37 -0.0587317 0.194658
-7 39 0.0117109 0.23887
-7 41 -0.0275021 0.223074
-7 43 -0.0427869 0.20398
-7 45 -0.0870794 0.2607
-7 47 -0.0121033 0.224375
-7 49 -0.0368107 0.250644
-7 51 -0.0368886 0.164239
-7 53 -0.12027 0.065575
-7 55 0 0
-7 57 0.0852238 0.286023
-7 59 -0.0531583 0.264584
-5 -59 -0.0708439 -0.590216
-5 -57 0.0580904 -0.039764
-5 -55 -0.0359484 -0.293727
-5 -53 -0.0463442 -0.302142
-5 -51 -0.039371 -0.259456
-5 -49 0.0360696 -0.253701
-5 -47 0.0251234 -0.158245
-5 -45 0.00495145 -0.255514
-5 -43 -0.0194582 -0.267561
-5 -41 0.0229602 -0.479072
-5 -39 0.00275688 -0.234259
-5 -37 -0.0335316 -0.230452
-5 -35 -0.0646315 -0.517029
-5 -33 -0.06313 -0.47681
-5 -31 -0.0610197 -0.432588
-5 -29 -0.0607678 -0.421065
-5 -27 -0.0652431 -0.437294
-5 -25 -0.0773524 -0.502225
-5 -23 -0.0878742 -0.544277
-5 -21 -0.0912137 -0.546367
-5 -19 -0.0880608 -0.514408
-5 -17 -0.0822586 -0.466116
-5 -15 -0.0743327 -0.404075
-5 -13 -0.0647135 -0.337239
-5 -11 -0.0537119 -0.263117
-5 -9 -0.0406832 -0.186091
-5 -7 -0.0257502 -0.117302
-5 -5 -0.0139884 -0.0689663
-5 -3 -0.00639289 -0.0366254
-5 -1 -0.00250528 -0.0118818
-5 1 -0.00255722 0.0117026
-5 3 -0.00638648 0.0366533
-5 5 -0.0139735 0.0689604
-5 7 -0.0258535 0.117344
-5 9 -0.040523 0.185935
-5 11 -0.0538153 0.262811
-5 13 -0.065088 0.336447
-5 15 -0.0739075 0.405143
-5 17 -0.0816349 0.464807
-5 19 -0.0878783 0.51578
-5 21 -0.0900816 0.543657
-5 23 -0.0857701 0.538411
-5 25 -0.0758882 0.495564
-5 27 -0.0653868 0.444638
-5 29 -0.0597254 0.420483
-5 31 -0.0606892 0.436113
-5 33 -0.0649288 0.482575
-5 35 -0.0601056 0.416708
-5 37 -0.00601652 0.246316
-5 39 -0.0185 0.161977
-5 41 0.00650472 0.230161
-5 43 0.0442421 0.238455
-5 45 -0.058305 0.235837
-5 47 -0.0183243 0.311772
-5 49 -0.0387087 0.229891
-5 51 -0.0380607 0.339244
-5 53 -0.0177227 0.248147
-5 55 -0.0609338 0.171606
-5 57 -0.0159316 0.251545
-5 59 -0.0728945 0.20071
-3 -59 -0.043805 -0.128985
-3 -57 -0.0276137 -0.19458
-3 -55 -0.00373607 -0.371877
-3 -53 0.0820922 -0.421317
-3 -51 -0.00509405 -0.248744
-3 -49 0.040398 -0.0739526
-3 -47 -0.00905958 -0.231145
-3 -45 -0.013114 -0.18198
-3 -43 -0.0157058 -0.124088
-3 -41 -0.0238804 -0.212801
-3 -39 -0.0092651 -0.317452
-3 -37 0.00484192 -0.270661
-3 -35 -0.0207774 -0.418533
-3 -33 -0.0329223 -0.472354
-3 -31 -0.0303323 -0.436634
-3 -29 -0.0280605 -0.417783
-3 -27 -0.0299624 -0.442708
-3 -25 -0.032884 -0.491322
-3 -23 -0.034856 -0.535289
-3 -21 -0.0329724 -0.536377
-3 -19 -0.0267914 -0.504349
-3 -17 -0.019372 -0.457357
-3 -15 -0.0110104 -0.398046
-3 -13 -0.00227277 -0.332948
-3 -11 0.00664929 -0.261351
-3 -9 0.0156903 -0.186945
-3 -7 0.0235402 -0.118633
-3 -5 0.0313849 -0.0689562
-3 -3 0.038738 -0.0358754
-3 -1 0.0445225 -0.011267
-3 1 0.044246 0.0111415
-3 3 0.0387308 0.0357863
-3 5 0.0312102 0.0690952
-3 7 0.0238449 0.118705
-3 9 0.0153528 0.186612
-3 11 0.00651885 0.261872
-3 13 -0.00259098 0.333067
-3 15 -0.0111853 0.397873
-3 17 -0.019666 0.456049
-3 19 -0.0272313 0.504879
-3 21 -0.0325468 0.5339
-3 23 -0.0347439 0.532067
-3 25 -0.032983 0.489444
-3 27 -0.0306552 0.439853
-3 29 -0.028404 0.414005
-3 31 -0.0307964 0.434389
-3 33 -0.0328208 0.468771
-3 35 -0.0361457 0.486522
-3 37 0.000963941 0.285949
-3 39 -0.0377154 0.293317
-3 41 0.0113389 0.161179
-3 43 -0.00519125 0.321331
-3 45 -0.00459826 0.194594
-3 47 -0.0999021 0.203279
-3 49 -0.0513574 0.130394
-3 51 0.060865 0.156894
-3 53 0.0115161 0.169659
-3 55 0.0780325 0.254469
-3 57 0.0417724 0.208581
-3 59 -0.0443859 0.218746
-1 -59 0.0265729 -0.200876
-1 -57 0.0133881 -0.249625
-1 -55 0.0773683 -0.30991
-1 -53 0.0155018 -0.0438821
-1 -51 -0.00971216 -0.345663
-1 -49 -0.0309203 -0.285843
-1 -47 0.0493859 -0.319567
-1 -45 -0.00178513 -0.327817
-1 -43 -0.0481914 -0.24845
-1 -41 -0.015794 -0.318223
-1 -39 0.000373714 -0.265192
-1 -37 0.00694356 -0.33063
-1 -35 -0.00224215 -0.49589
-1 -33 -0.000776556 -0.47035
-1 -31 0.00101693 -0.424851
-1 -29 0.00234045 -0.411929
-1 -27 0.00503326 -0.432826
-1 -25 0.00854748 -0.473985
-1 -23 0.0149481 -0.512353
-1 -21 0.0225244 -0.518019
-1 -19 0.030367 -0.490582
-1 -17 0.0389733 -0.445099
-1 -15 0.0476208 -0.391439
-1 -13 0.0571209 -0.32989
-1 -11 0.0661263 -0.263681
-1 -9 0.0736845 -0.195097
-1 -7 0.08039 -0.130114
-1 -5 0.0874543 -0.0790314
-1 -3 0.0971837 -0.0428001
-1 -1 0.104889 -0.0142275
-1 1 0.104729 0.0141857
-1 3 0.0969698 0.0431575
-1 5 0.087401 0.0788961
-1 7 0.0802855 0.1305
-1 9 0.074045 0.195422
-1 11 0.0658736 0.262976
-1 13 0.0576616 0.330461
-1 15 0.0481627 0.391496
-1 17 0.0383391 0.447561
-1 19 0.0299507 0.48876
-1 21 0.0224211 0.515167
-1 23 0.016295 0.516892
-1 25 0.00897503 0.468748
-1 27 0.00464991 0.428292
-1 29 0.00177466 0.413002
-1 31 -4.38531e-06 0.421469
-1 33 -0.0012339 0.482184
-1 35 -0.000478881 0.480731
-1 37 0.00254375 0.222217
-1 39 0.0329501 0.368652
-1 41 0.000287433 0.308143
-1 43 0.0010479 0.298804
-1 45 -0.0379357 0.155497
-1 47 0.0145395 0.248471
-1 49 0.00914957 0.112992
-1 51 -0.0163668 0.0187797
-1 53 0.0182385 0.130673
-1 55 -0.0713075 0.238773
-1 57 0.00566881 0.348364
-1 59 -0.0829156 0.0681113
1 -59 0.040368 -0.184714
1 -57 0.0282647 -0.131047
1 -55 0.0336782 -0.227366
1 -53 -0.00283492 -0.347609
1 -51 0.0193829 -0.211296
1 -49 0.0628232 -0.262726
1 -47 -0.0287373 -0.315709
1 -45 -0.0336687 -0.197291
1 -43 -0.0362981 -0.197178
1 -41 0.00924952 -0.268147
1 -39 0.00720092 -0.155151
1 -37 -0.0151301 -0.254956
1 -35 0.034259 -0.451447
1 -33 0.0281398 -0.460563
1 -31 0.0297714 -0.423275
1 -29 0.0321208 -0.400161
1 -27 0.0373049 -0.41281
1 -25 0.0480878 -0.455943
1 -23 0.0593945 -0.489337
1 -21 0.072032 -0.493915
1 -19 0.0827063 -0.473457
1 -17 0.0935706 -0.434571
1 -15 0.102315 -0.381421
1 -13 0.111395 -0.325157
1 -11 0.120862 -0.265781
1 -9 0.129486 -0.205749
1 -7 0.137301 -0.146881
1 -5 0.144501 -0.0971473
1 -3 0.150736 -0.0566092
1 -1 0.155124 -0.0191743
1 1 0.154834 0.0193285
1 3 0.151515 0.0571248
1 5 0.144206 0.0967913
1 7 0.136839 0.146729
1 9 0.128877 0.205337
1 11 0.120466 0.26615
1 13 0.110991 0.324841
1 15 0.102374 0.383425
1 17 0.0924256 0.433237
1 19 0.0822561 0.472511
1 21 0.0726151 0.497058
1 23 0.0594724 0.489222
1 25 0.0475931 0.456009
1 27 0.0378511 0.415712
1 29 0.0331199 0.409902
1 31 0.0298629 0.429931
1 33 0.0308944 0.472119
1 35 0.0252633 0.447213
1 37 0.0327091 0.275125
1 39 -0.00257193 0.260227
1 41 -0.0332146 0.332275
1 43 0.0378495 0.285618
1 45 -0.00782305 0.170958
1 47 0.078078 0.274143
1 49 0.022822 0.264361
1 51 -0.0478145 0.230868
1 53 0.0315846 0.171105
1 55 -0.00863822 0.304486
1 57 -0.0419971 0.208579
1 59 0.0568552 0.394255
3 -59 0.0385218 -0.234081
3 -57 0.0201666 -0.463033
3 -55 0.0253159 -0.304884
3 -53 0.017309 -0.131572
3 -51 0.0336048 -0.295942
3 -49 0.0135524 -0.213152
3 -47 0.0604586 -0.102363
3 -45 0.028025 -0.239448
3 -43 0.0821566 -0.265987
3 -41 0.0275635 -0.240686
3 -39 0.0595324 -0.260313
3 -37 -0.0112089 -0.307799
3 -35 0.0466807 -0.40313
3 -33 0.0583377 -0.459759
3 -31 0.0602694 -0.425578
3 -29 0.0626244 -0.400243
3 -27 0.0668701 -0.395481
3 -25 0.0803075 -0.430978
3 -23 0.0982366 -0.461539
3 -21 0.113934 -0.463528
3 -19 0.127936 -0.451166
3 -17 0.140029 -0.417095
3 -15 0.149403 -0.36874
3 -13 0.158163 -0.318653
3 -11 0.167314 -0.264904
3 -9 0.173162 -0.209439
3 -7 0.180382 -0.157159
3 -5 0.184083 -0.108543
3 -3 0.187918 -0.0643288
3 -1 0.189291 -0.0217303
3 1 0.189972 0.0220286
3 3 0.187768 0.0640872
3 5 0.184544 0.10823
3 7 0.181004 0.157214
3 9 0.174053 0.209384
3 11 0.166552 0.263543
3 13 0.158501 0.319149
3 15 0.149871 0.37118
3 17 0.139416 0.416752
3 19 0.128897 0.451162
3 21 0.113491 0.465746
3 23 0.0976237 0.457841
3 25 0.0804729 0.427094
3 27 0.0673575 0.396751
3 29 0.0609227 0.3938
3 31 0.0596335 0.41892
3 33 0.0593984 0.453837
3 35 0.0586394 0.48948
3 37 0.0483663 0.176813
3 39 0.034255 0.276332
3 41 0.000245117 0.330934
3 43 -0.00886976 0.254129
3 45 -0.0239858 0.145953
3 47 -0.0678083 0.231605
3 49 0.0786611 0.170699
3 51 0.0385541 0.253891
3 53 0.079953 0.479791
3 55 -0.0735916 0.103148
3 57 -0.0587163 0.0643834
3 59 0.0223432 0.31857
5 -59 0.0398457 -0.274294
5 -57 0.0427546 -0.43914
5 -55 0.0420303 -0.249514
5 -53 0.0215613 -0.183704
5 -51 -0.044031 -0.162031
5 -49 0.00221227 -0.388477
5 -47 0.0249614 -0.193986
5 -45 0.0182984 -0.279947
5 -43 0.0582044 -0.240736
5 -41 0.0507663 -0.339302
5 -39 0.0794652 -0.34345
5 -37 0.0684743 -0.300444
5 -35 0.0774508 -0.428583
5 -33 0.0888545 -0.460607
5 -31 0.0888095 -0.420532
5 -29 0.0883077 -0.38905
5 -27 0.094017 -0.379925
5 -25 0.107883 -0.399475
5 -23 0.127903 -0.423017
5 -21 0.149538 -0.438346
5 -19 0.164624 -0.422488
5 -17 0.178766 -0.396231
5 -15 0.189483 -0.356167
5 -13 0.198587 -0.309959
5 -11 0.206359 -0.259768
5 -9 0.210378 -0.208503
5 -7 0.211575 -0.157703
5 -5 0.215221 -0.110004
5 -3 0.216558 -0.0655027
5 -1 0.215801 -0.0221192
5 1 0.217739 0.0217191
5 3 0.216517 0.0653093
5 5 0.215727 0.111615
5 7 0.212779 0.157421
5 9 0.209922 0.208291
5 11 0.204815 0.258157
5 13 0.198429 0.309606
5 15 0.190248 0.356894
5 17 0.179262 0.396911
5 19 0.165829 0.423788
5 21 0.148427 0.432542
5 23 0.128405 0.423933
5 25 0.108562 0.397924
5 27 0.0938519 0.380993
5 29 0.0882598 0.389061
5 31 0.0881092 0.413053
5 33 0.0940848 0.47618
5 35 0.0822061 0.396543
5 37 0.02281 0.250413
5 39 0.0882876 0.202955
5 41 0.0453943 0.185529
5 43 0.0269627 0.201394
5 45 0.0608763 0.171638
5 47 0.0405484 0.252052
5 49 0.0331178 0.328212
5 51 0.0214227 0.162537
5 53 -0.0267353 0.135624
5 55 0.0370579 0.253489
5 57 0.0249141 0.250658
5 59 0.0420676 0.301208
7 -59 0.00919584 -0.365361
7 -57 0.0627112 -0.282336
7 -55 0.0393245 -0.0973204
7 -53 0.157972 -0.509686
7 -51 0.00833122 -0.282749
7 -49 -0.0142879 -0.181193
7 -47 -0.0520918 -0.230993
7 -45 0.00370788 -0.118167
7 -43 0.020288 -0.151382
7 -41 0.0357456 -0.180708
7 -39 0.059758 -0.143006
7 -37 0.0505475 -0.198846
7 -35 0.105502 -0.371832
7 -33 0.119459 -0.460116
7 -31 0.119387 -0.423556
7 -29 0.115425 -0.384571
7 -27 0.120893 -0.371258
7 -25 0.13223 -0.374209
7 -23 0.149844 -0.384837
7 -21 0.173176 -0.395429
7 -19 0.197073 -0.39709
7 -17 0.21222 -0.374489
7 -15 0.224632 -0.340205
7 -13 0.231197 -0.29757
7 -11 0.236468 -0.250909
7 -9 0.24043 -0.203872
7 -7 0.242699 -0.156601
7 -5 0.244414 -0.111001
7 -3 0.241925 -0.0651285
7 -1 0.244377 -0.0216962
7 1 0.242418 0.021154
7 3 0.243343 0.0662533
7 5 0.243314 0.110209
7 7 0.242417 0.156332
7 9 0.24226 0.205511
7 11 0.237168 0.250856
7 13 0.232145 0.298061
7 15 0.223738 0.341385
7 17 0.210717 0.371995
7 19 0.194412 0.394348
7 21 0.176969 0.400592
7 23 0.151974 0.386761
7 25 0.129419 0.366393
7 27 0.118811 0.36728
7 29 0.116142 0.3874
7 31 0.119291 0.424918
7 33 0.116722 0.454052
7 35 0.0765997 0.301885
7 37 0.0286979 0.275202
7 39 0.0319811 0.282513
7 41 0.0514081 0.207916
7 43 0.0532026 0.152137
7 45 0.0225288 0.213138
7 47 0.0541222 0.24571
7 49 -0.028568 0.20898
7 51 0.0211006 0.29351
7 53 -0.0307957 0.278255
7 55 -0.0597289 0.269102
7 57 0.0547465 0.2065
7 59 0.10741 0.31191
9 -59 -0.0548312 -0.25219
9 -57 0.0717046 -0.0965152
9 -55 0.0193903 -0.18322
9 -53 0.0309128 -0.148343
9 -51 0.00349158 -0.17275
9 -49 0.0193053 -0.253341
9 -47 0.0295487 -0.213001
9 -45 0.045716 -0.195412
9 -43 0.0519978 -0.196562
9 -41 -0.0131714 -0.187333
9 -39 -0.0176146 -0.109725
9 -37 0.107555 -0.298046
9 -35 0.0769716 -0.196703
9 -33 0.141847 -0.44412
9 -31 0.149359 -0.427561
9 -29 0.145088 -0.388584
9 -27 0.140957 -0.350881
9 -25 0.154957 -0.352877
9 -23 0.167967 -0.35142
9 -21 0.191445 -0.361842
9 -19 0.218595 -0.366312
9 -17 0.234435 -0.3467
9 -15 0.251392 -0.321064
9 -13 0.26049 -0.283671
9 -11 0.268868 -0.244965
9 -9 0.268896 -0.198942
9 -7 0.271853 -0.15405
9 -5 0.270417 -0.10802
9 -3 0.26997 -0.0643029
9 -1 0.271428 -0.0217986
9 1 0.271097 0.0217153
9 3 0.271363 0.065003
9 5 0.271101 0.108368
9 7 0.273884 0.154818
9 9 0.27153 0.19994
9 11 0.267496 0.244299
9 13 0.260706 0.284286
9 15 0.250834 0.321039
9 17 0.234754 0.347017
9 19 0.21528 0.361264
9 21 0.193776 0.364112
9 23 0.169968 0.357091
9 25 0.151873 0.347844
9 27 0.143064 0.355321
9 29 0.146494 0.388359
9 31 0.150621 0.431123
9 33 0.136061 0.426089
9 35 0.0415975 0.293531
9 37 -0.0136419 0.188259
9 39 0.0556383 0.181613
9 41 0.109953 0.268561
9 43 0.0648731 0.12598
9 45 0.109373 0.322354
9 47 0.0870732 0.188701
9 49 0.0986955 -0.0170539
9 51 0.00561119 0.191697
9 53 0.00167697 0.267463
9 55 0.030076 0.225644
9 57 0.0179816 0.0787478
9 59 0 0
11 -59 0 0
11 -57 -0.0283261 -0.23394
11 -55 0.103304 -0.216023
11 -53 0.305872 -0.191267
11 -51 0.0052269 -0.28769
11 -49 0.0112635 -0.234632
11 -47 -0.00540136 -0.0917545
11 -45 0.0231541 -0.244424
11 -43 0.0850483 -0.147532
11 -41 0.0704492 -0.322071
11 -39 0.0662447 -0.195134
11 -37 0.0900453 -0.285695
11 -35 0.0895678 -0.296065
11 -33 0.164785 -0.438845
11 -31 0.178266 -0.422477
11 -29 0.170997 -0.380345
11 -27 0.171565 -0.353093
11 -25 0.171057 -0.327775
11 -23 0.184093 -0.325198
11 -21 0.206508 -0.329708
11 -19 0.228387 -0.327752
11 -17 0.251496 -0.318476
11 -15 0.268059 -0.297443
11 -13 0.283118 -0.269764
11 -11 0.293359 -0.233764
11 -9 0.297804 -0.192653
11 -7 0.29941 -0.149334
11 -5 0.301351 -0.107502
11 -3 0.302588 -0.0647451
11 -1 0.301488 -0.0208282
11 1 0.301913 0.0220517
11 3 0.300559 0.0649122
11 5 0.299713 0.105806
11 7 0.298592 0.150467
11 9 0.29767 0.191816
11 11 0.292592 0.233519
11 13 0.285402 0.270509
11 15 0.2697 0.298755
11 17 0.254605 0.322679
11 19 0.230426 0.329912
11 21 0.203705 0.325048
11 23 0.186523 0.32848
11 25 0.174161 0.33347
11 27 0.170351 0.352794
11 29 0.173559 0.38355
11 31 0.180104 0.428135
11 33 0.146614 0.37567
11 35 0.0859554 0.232443
11 37 0.0880788 0.215236
11 39 0.0639286 0.132228
11 41 0.0590461 0.227802
11 43 0.107854 0.28754
11 45 0.0217462 0.124759
11 47 0.0434209 0.276046
11 49 0.0563954 0.3134
11 51 0.119095 0.295677
11 53 0.0835646 0.266835
11 55 0.0436433 0.0363663
11 57 0.116159 0.137624
11 59 0 0
13 -59 -0.0664862 -0.0451617
13 -57 0.0813692 -0.442415
13 -55 0.0133056 -0.0749602
13 -53 0.110465 -0.221097
13 -51 0.0324931 -0.17629
13 -49 0.0931097 -0.32009
13 -47 0.0648587 -0.0534578
13 -45 0.122784 -0.291905
13 -43 0.102071 -0.320671
13 -41 0.116136 -0.281656
13 -39 0.0494582 -0.188477
13 -37 0.0890936 -0.129563
13 -35 0.108154 -0.248072
13 -33 0.116827 -0.256689
13 -31 0.212575 -0.443083
13 -29 0.206998 -0.395657
13 -27 0.196151 -0.349584
13 -25 0.198747 -0.328125
13 -23 0.202481 -0.309297
13 -21 0.217694 -0.301663
13 -19 0.239301 -0.299314
13 -17 0.260748 -0.289073
13 -15 0.281322 -0.272708
13 -13 0.296161 -0.248126
13 -11 0.311886 -0.219476
13 -9 0.321658 -0.183931
13 -7 0.328375 -0.14631
13 -5 0.328306 -0.104122
13 -3 0.331076 -0.0628495
13 -1 0.332362 -0.0217971
13 1 0.331871 0.0222946
13 3 0.328574 0.0628973
13 5 0.327934 0.104015
13 7 0.329419 0.146295
13 9 0.32379 0.186554
13 11 0.314298 0.221298
13 13 0.29575 0.2474
13 15 0.281597 0.273197
13 17 0.25736 0.2847
13 19 0.237715 0.296072
13 21 0.216987 0.301058
13 23 0.202629 0.308738
13 25 0.197888 0.328262
13 27 0.19948 0.355586
13 29 0.206943 0.396121
13 31 0.205348 0.414456
13 33 0.103594 0.272756
13 35 0.041571 0.161004
13 37 0.110254 0.255516
13 39 0.0638909 0.194252
13 41 0.119025 0.228104
13 43 0.118392 0.231173
13 45 0.0870245 0.239903
13 47 0.00466622 0.107984
13 49 -0.0105887 0.113956
13 51 0.0691471 0.129467
13 53 0.0869593 0.1945
13 55 -0.056234 0.136813
13 57 0.0884437 0.276459
13 59 0 0
15 -59 0.0398224 -0.181513
15 -57 -0.0703838 -0.0863885
15 -55 0.0733716 -0.213185
15 -53 -0.0708948 -0.169676
15 -51 -0.0257082 -0.123732
15 -49 0.00106937 -0.14527
15 -47 0.113834 -0.284045
15 -45 0.0743158 -0.104272
15 -43 0.0289465 -0.168501
15 -41 0.0901661 -0.211036
15 -39 0.0934979 -0.186793
15 -37 0.10144 -0.164939
15 -35 0.0773407 -0.20969
15 -33 0.163225 -0.208742
15 -31 0.226729 -0.39111
15 -29 0.24864 -0.412546
15 -27 0.234461 -0.364904
15 -25 0.224438 -0.325149
15 -23 0.221801 -0.296179
15 -21 0.22527 -0.274248
15 -19 0.242703 -0.267864
15 -17 0.263713 -0.258959
15 -15 0.285042 -0.246928
15 -13 0.301592 -0.225495
15 -11 0.322316 -0.202231
15 -9 0.335386 -0.17232
15 -7 0.34428 -0.137212
15 -5 0.349715 -0.099471
15 -3 0.356147 -0.0611456
15 -1 0.355768 -0.0201956
15 1 0.353434 0.0201113
15 3 0.355752 0.0611927
15 5 0.353737 0.101007
15 7 0.344205 0.137169
15 9 0.3384 0.174612
15 11 0.325336 0.203948
15 13 0.305281 0.228246
15 15 0.286873 0.247783
15 17 0.265994 0.262431
15 19 0.245273 0.27136
15 21 0.230847 0.283123
15 23 0.222539 0.296312
15 25 0.223472 0.322955
15 27 0.226892 0.353596
15 29 0.238425 0.394542
15 31 0.221516 0.389731
15 33 0.154403 0.264199
15 35 0.165387 0.357942
15 37 0.0391328 0.212542
15 39 -0.00498304 0.12103
15 41 0.0985098 0.221921
15 43 0.0979896 0.256898
15 45 0.0528076 0.220141
15 47 0.016701 0.0441655
15 49 0.202133 0.270683
15 51 0.0230281 0.059826
15 53 0.0896372 0.282122
15 55 0.0132164 0.181291
15 57 0.0652598 0.154384
15 59 0.0591163 0.195664
17 -59 0.00106169 -0.086928
17 -57 0.125827 -0.283457
17 -55 -0.0481144 -0.0556996
17 -53 -0.0431871 -0.0537248
17 -51 0.0467944 -0.0623429
17 -49 0.0308307 -0.280695
17 -47 0.0702117 -0.246248
17 -45 0.0839902 -0.335774
17 -43 0.0818119 -0.145139
17 -41 0.120446 -0.272962
17 -39 0.0995735 -0.142765
17 -37 0.0915859 -0.174588
17 -35 0.0992985 -0.125405
17 -33 0.150988 -0.272695
17 -31 0.153995 -0.300179
17 -29 0.261131 -0.387179
17 -27 0.259871 -0.357783
17 -25 0.254376 -0.327805
17 -23 0.246619 -0.292246
17 -21 0.250987 -0.272619
17 -19 0.252536 -0.248898
17 -17 0.270364 -0.238397
17 -15 0.283614 -0.22052
17 -13 0.305418 -0.205574
17 -11 0.324285 -0.183501
17 -9 0.339809 -0.156593
17 -7 0.356373 -0.128479
17 -5 0.362794 -0.0939023
17 -3 0.364572 -0.0570744
17 -1 0.37124 -0.0193212
17 1 0.37044 0.0178233
17 3 0.369507 0.0573815
17 5 0.36342 0.0943326
17 7 0.353904 0.12824
17 9 0.340173 0.158169
17 11 0.32485 0.184691
17 13 0.30703 0.206392
17 15 0.282424 0.219807
17 17 0.263376 0.232552
17 19 0.255276 0.252628
17 21 0.245727 0.267771
17 23 0.250585 0.297163
17 25 0.255469 0.325636
17 27 0.258474 0.360082
17 29 0.266761 0.385878
17 31 0.165572 0.268122
17 33 0.0797755 0.142291
17 35 0.0689792 0.112632
17 37 0.155348 0.163618
17 39 0.145074 0.231986
17 41 -0.000100919 0.202701
17 43 0.025631 0.0738459
17 45 0.0310127 0.210084
17 47 0.116005 0.195723
17 49 0.0580713 0.116627
17 51 0.0450448 0.110866
17 53 0.0757907 0.129575
17 55 0.055438 0.139678
17 57 0.0487336 0.114864
17 59 0.0689555 0.225919
19 -59 0.101699 -0.067853
19 -57 0.166854 -0.170693
19 -55 -0.0196946 -0.0650734
19 -53 0.0193912 -0.17042
19 -51 0.0920562 0.0551181
19 -49 0.0571477 -0.0274266
19 -47 0.147567 -0.410038
19 -45 0.115984 -0.16008
19 -43 0.090922 -0.132641
19 -41 0.125031 -0.2114
19 -39 0.160806 -0.287912
19 -37 0.15639 -0.225461
19 -35 0.133791 -0.183863
19 -33 0.16564 -0.289311
19 -31 0.107114 -0.132783
19 -29 0.225001 -0.301335
19 -27 0.283834 -0.358659
19 -25 0.288409 -0.330836
19 -23 0.277996 -0.297201
19 -21 0.276342 -0.267579
19 -19 0.274923 -0.243274
19 -17 0.278529 -0.220432
19 -15 0.291519 -0.206057
19 -13 0.296393 -0.181317
19 -11 0.317171 -0.164082
19 -9 0.334747 -0.141747
19 -7 0.345503 -0.113746
19 -5 0.355863 -0.0830111
19 -3 0.360115 -0.051564
19 -1 0.364349 -0.0164936
19 1 0.365667 0.0174877
19 3 0.367029 0.0519894
19 5 0.355363 0.0831271
19 7 0.346052 0.113338
19 9 0.331694 0.138962
19 11 0.318059 0.163655
19 13 0.301457 0.184728
19 15 0.290198 0.20444
19 17 0.276496 0.220704
19 19 0.274028 0.241913
19 21 0.279211 0.272217
19 23 0.280525 0.296529
19 25 0.293523 0.337757
19 27 0.29337 0.367405
19 29 0.241478 0.334248
19 31 0.0961326 0.250609
19 33 0.134576 0.212289
19 35 0.0554767 0.130853
19 37 0.144191 0.186876
19 39 0.12038 0.26366
19 41 0.145801 0.200254
19 43 0.0968562 0.214029
19 45 0.155497 0.293323
19 47 0.09125 0.157382
19 49 0.0597592 0.138681
19 51 -0.0101524 0.297688
19 53 0.111932 0.294358
19 55 0.157796 0.149936
19 57 0.0696159 0.146717
19 59 0.0712178 0.184026
21 -59 -0.0692883 -0.133998
21 -57 0.10161 -0.0654858
21 -55 0.0595862 -0.16961
21 -53 0.0737093 -0.184185
21 -51 0.045571 -0.0927114
21 -49 0.0545832 -0.175889
21 -47 0.188728 -0.407297
21 -45 0.107853 0.000212513
21 -43 0.250023 -0.418891
21 -41 0.0127796 -0.185348
21 -39 0.125824 -0.224395
21 -37 0.136532 -0.249281
21 -35 0.120524 -0.226353
21 -33 0.126763 -0.163194
21 -31 0.109497 -0.21676
21 -29 0.153591 -0.217677
21 -27 0.242905 -0.282756
21 -25 0.320184 -0.333275
21 -23 0.320553 -0.306553
21 -21 0.306423 -0.271343
21 -19 0.305276 -0.243972
21 -17 0.298084 -0.215112
21 -15 0.297178 -0.190408
21 -13 0.304913 -0.169926
21 -11 0.313611 -0.148011
21 -9 0.323403 -0.12602
21 -7 0.338122 -0.101156
21 -5 0.341502 -0.0739036
21 -3 0.343504 -0.0441784
21 -1 0.356684 -0.0152272
21 1 0.357105 0.016226
21 3 0.349332 0.0453557
21 5 0.346277 0.0751415
21 7 0.332039 0.100529
21 9 0.323329 0.125462
21 11 0.312604 0.147386
21 13 0.306899 0.17104
21 15 0.296653 0.190463
21 17 0.301707 0.216581
21 19 0.301554 0.241307
21 21 0.308608 0.27298
21 23 0.317378 0.305492
21 25 0.315057 0.335427
21 27 0.268177 0.290642
21 29 0.211466 0.214625
21 31 0.180901 0.218378
21 33 0.0764344 0.0881139
21 35 0.168057 0.217818
21 37 0.0483255 0.14547
21 39 0.121867 0.199745
21 41 0.0325506 0.131872
21 43 0.176804 0.190314
21 45 0.0582673 0.0900518
21 47 0.000190449 0.115214
21 49 0.119133 0.0346911
21 51 0.193185 0.3485
21 53 0.128909 0.10322
21 55 -0.0687255 0.108863
21 57 0 0
21 59 0.0501311 0.125264
23 -59 0.0398879 -0.12756
23 -57 0.0822613 -0.2932
23 -55 0.0905888 -0.194092
23 -53 0.13215 -0.241525
23 -51 0.00663938 -0.161047
23 -49 0.0976391 -0.30357
23 -47 0.0791971 -0.164269
23 -45 0.0994279 -0.185191
23 -43 0.20075 -0.122765
23 -41 0.129201 -0.182893
23 -39 0.182803 -0.232957
23 -37 0.0657735 -0.149723
23 -35 0.156405 -0.178867
23 -33 0.144038 -0.220016
23 -31 0.0538733 -0.121233
23 -29 0.107363 -0.140519
23 -27 0.161923 -0.172287
23 -25 0.288235 -0.273928
23 -23 0.325038 -0.282959
23 -21 0.33475 -0.269619
23 -19 0.330856 -0.241827
23 -17 0.335272 -0.218731
23 -15 0.326643 -0.190209
23 -13 0.321408 -0.163612
23 -11 0.322091 -0.138327
23 -9 0.33134 -0.116912
23 -7 0.329412 -0.0910043
23 -5 0.33948 -0.0681854
23 -3 0.341821 -0.0406044
23 -1 0.350762 -0.0148886
23 1 0.344367 0.0137525
23 3 0.340856 0.0398586
23 5 0.339501 0.0670514
23 7 0.33124 0.0908969
23 9 0.329354 0.116102
23 11 0.327163 0.140757
23 13 0.323056 0.163295
23 15 0.328671 0.193732
23 17 0.328708 0.215646
23 19 0.333294 0.243293
23 21 0.344635 0.278854
23 23 0.368861 0.320218
23 25 0.297019 0.268472
23 27 0.203108 0.202203
23 29 0.19356 0.157878
23 31 0.122502 0.170684
23 33 0.105415 0.147632
23 35 0.0754207 0.105528
23 37 0.299045 0.393531
23 39 0.0778134 0.181
23 41 0.138722 0.250409
23 43 0.0756926 0.117194
23 45 0.0376017 0.119315
23 47 0 0
23 49 0.0930329 -0.0051418
23 51 0.122618 0.175735
23 53 0.156505 0.0698645
23 55 0.00971771 0.0667631
23 57 0.163697 0.312818
23 59 0.0927513 0.236945
25 -59 0.0457407 -0.273241
25 -57 0.262249 -0.178444
25 -55 0.172875 -0.307658
25 -53 0.0669274 -0.122584
25 -51 -0.0491994 -0.0255763
25 -49 0.0889411 -0.213103
25 -47 0.221079 -0.214828
25 -45 0.0675969 -0.0234046
25 -43 0.0891733 -0.202714
25 -41 0.0734377 -0.12115
25 -39 0.0717994 -0.158529
25 -37 0.155446 -0.192194
25 -35 0.116556 -0.0695461
25 -33 0.127306 -0.16002
25 -31 0.10069 -0.0785631
25 -29 0.211148 -0.192502
25 -27 0.181892 -0.177257
25 -25 0.195937 -0.257735
25 -23 0.258542 -0.227797
25 -21 0.360121 -0.266627
25 -19 0.37674 -0.253735
25 -17 0.374593 -0.226117
25 -15 0.369714 -0.197418
25 -13 0.3576 -0.167135
25 -11 0.356142 -0.140403
25 -9 0.352326 -0.113337
25 -7 0.346632 -0.0883971
25 -5 0.347712 -0.0639385
25 -3 0.350226 -0.0384078
25 -1 0.347383 -0.0121252
25 1 0.355553 0.0127651
25 3 0.349341 0.0370668
25 5 0.354574 0.063373
25 7 0.347362 0.088375
25 9 0.34926 0.11422
25 11 0.350938 0.13886
25 13 0.356929 0.165717
25 15 0.363375 0.192414
25 17 0.374685 0.222515
25 19 0.37184 0.252599
25 21 0.350684 0.262758
25 23 0.316062 0.262697
25 25 0.16431 0.195555
25 27 0.125556 0.114897
25 29 0.141332 0.208087
25 31 0.0606916 0.0861911
25 33 0.170552 0.193901
25 35 0.157738 0.209458
25 37 0.0582184 0.119152
25 39 0.111166 0.0573557
25 41 0.0681288 0.15336
25 43 0.0806156 0.214923
25 45 0.0999122 0.216598
25 47 0.0405847 0.0962039
25 49 0.0342339 0.135093
25 51 0.161829 0.384724
25 53 0.183058 0.206464
25 55 0.0305209 0.350747
25 57 0.253256 0.469467
25 59 0.0884315 0.108748
27 -59 0 0
27 -57 0.0893536 -0.160356
27 -55 0.0408203 -0.0652104
27 -53 0.00341791 -0.059595
27 -51 0.0526324 -0.161636
27 -49 0.0927471 -0.165
27 -47 0.0991543 -0.105543
27 -45 0.133109 -0.258441
27 -43 0.137976 -0.0154194
27 -41 0.0503373 -0.0400024
27 -39 0.15384 -0.111935
27 -37 0.107232 -0.0919698
27 -35 0.112036 -0.171415
27 -33 0.12764 -0.173807
27 -31 0.148039 -0.16398
27 -29 0.188706 -0.240226
27 -27 0.125959 -0.103975
27 -25 0.16985 -0.0706762
27 -23 0.172212 -0.120806
27 -21 0.264364 -0.175009
27 -19 0.349658 -0.220589
27 -17 0.391399 -0.212914
27 -15 0.399793 -0.192646
27 -13 0.387704 -0.165122
27 -11 0.389951 -0.14014
27 -9 0.381124 -0.113243
27 -7 0.383384 -0.0905795
27 -5 0.388844 -0.0653371
27 -3 0.378114 -0.0376957
27 -1 0.387198 -0.0132342
27 1 0.382994 0.013235
27 3 0.379592 0.0381519
27 5 0.382381 0.0646056
27 7 0.383041 0.0887976
27 9 0.386928 0.114521
27 11 0.396083 0.145406
27 13 0.397899 0.169531
27 15 0.401885 0.195258
27 17 0.385627 0.210355
27 19 0.352981 0.225698
27 21 0.240413 0.190242
27 23 0.203869 0.186735
27 25 0.142714 0.104846
27 27 0.232805 0.192714
27 29 0.10823 0.09642
27 31 0.0586811 0.0865311
27 33 0.221429 0.208329
27 35 0.151329 0.194847
27 37 0.126653 0.113194
27 39 0.0442249 0.115433
27 41 0.162786 0.291421
27 43 0.0959511 0.123007
27 45 0.225687 0.39015
27 47 0.0512265 0.0941931
27 49 0.0802316 -0.00587141
27 51 0.117289 0.18512
27 53 0.0208123 0.13594
27 55 0.0771413 0.112484
27 57 0.00190237 0.299913
27 59 0.0214831 -0.0183113
29 -59 0.128119 -0.400738
29 -57 0.0364379 -0.0903813
29 -55 0.0790062 -0.0298217
29 -53 0.0403829 -0.0445339
29 -51 0.189399 -0.263091
29 -49 0.00584988 -0.127589
29 -47 0.11759 -0.0382252
29 -45 0.1607 -0.242474
29 -43 0.0862454 -0.205089
29 -41 0.0434868 -0.161007
29 -39 0.339304 -0.389321
29 -37 0.0658248 -0.123658
29 -35 0.198177 -0.18489
29 -33 0.190557 -0.17093
29 -31 0.149581 -0.0722333
29 -29 0.221824 -0.0495762
29 -27 0.0902548 -0.0961165
29 -25 0.109239 -0.0930682
29 -23 0.127995 -0.13662
29 -21 0.273049 -0.178301
29 -19 0.195046 -0.117316
29 -17 0.254829 -0.111584
29 -15 0.38812 -0.185915
29 -13 0.405126 -0.161726
29 -11 0.424377 -0.14082
29 -9 0.42041 -0.117498
29 -7 0.417547 -0.0913563
29 -5 0.419425 -0.0647261
29 -3 0.421006 -0.0398114
29 -1 0.413665 -0.0113148
29 1 0.424636 0.0102201
29 3 0.41859 0.0425279
29 5 0.426824 0.0657879
29 7 0.41438 0.0891914
29 9 0.431862 0.115658
29 11 0.426822 0.144615
29 13 0.416208 0.167314
29 15 0.373985 0.171987
29 17 0.290997 0.159959
29 19 0.112234 0.0852567
29 21 0.180799 0.0982979
29 23 0.0343804 0.0955317
29 25 0.152118 0.159078
29 27 0.163053 0.137608
29 29 0.0993736 0.122528
29 31 0.117021 0.141707
29 33 0.115334 0.117594
29 35 0.0461528 0.0468816
29 37 0.215176 0.276428
29 39 0.143239 0.0742439
29 41 0.0780978 0.123521
29 43 0.206027 0.364067
29 45 0.0277101 0.093312
29 47 -0.0645397 0.106296
29 49 0.0949753 0.124312
29 51 0.0146354 0.0191934
29 53 0.166049 0.112334
29 55 0.0969008 0.334686
29 57 0.169686 0.100971
29 59 0.0556031 0.159401
31 -59 0 0
31 -57 0.133452 -0.224186
31 -55 0.19498 -0.323578
31 -53 0.100674 -0.0351952
31 -51 0.157946 -0.256113
31 -49 0.0545771 -0.0269497
31 -47 0.128751 -0.218325
31 -45 0.0748035 -0.0670504
31 -43 0.0718031 -0.14617
31 -41 0.157507 -0.0663979
31 -39 0.14596 -0.211073
31 -37 0.0568956 -0.0681266
31 -35 0.172582 -0.238569
31 -33 0.101063 -0.0515641
31 -31 0.216967 -0.323034
31 -29 0.179772 -0.109299
31 -27 0.154496 -0.0704198
31 -25 0.163108 -0.166654
31 -23 0.157724 -0.0458553
31 -21 0.143786 -0.0989435
31 -19 0.168694 -0.0580453
31 -17 0.153955 -0.0710013
31 -15 0.150062 -0.0723128
31 -13 0.268806 -0.0963397
31 -11 0.351959 -0.12361
31 -9 0.410977 -0.10597
31 -7 0.422937 -0.0860917
31 -5 0.444519 -0.0657957
31 -3 0.462151 -0.0391604
31 -1 0.450663 -0.0156006
31 1 0.439002 0.0122257
31 3 0.468277 0.0415925
31 5 0.438722 0.0660912
31 7 0.411399 0.0805907
31 9 0.450272 0.1179
31 11 0.363778 0.123616
31 13 0.305508 0.13601
31 15 0.31079 0.112048
31 17 0.160216 0.113441
31 19 0.227368 0.110465
31 21 0.100332 0.0385719
31 23 0.30183 0.166133
31 25 0.138175 0.072371
31 27 0.115936 0.0779615
31 29 0.302734 0.384095
31 31 0.0992104 0.0907035
31 33 0.0940687 0.12916
31 35 0.166788 0.193631
31 37 0.171613 0.261702
31 39 0.162113 0.169967
31 41 0.0463362 0.221789
31 43 0.069589 0.119412
31 45 -0.0333628 0.0294171
31 47 0.2144 0.260697
31 49 0.125851 0.291099
31 51 0.299697 0.277848
31 53 0.10826 0.198799
31 55 0.339778 0.398722
31 57 0 0
31 59 0.154951 0.149643
33 -59 0.150414 -0.0540373
33 -57 0.180209 -0.388206
33 -55 0.0688942 -0.44724
33 -53 0.119722 -0.321929
33 -51 0.216711 -0.275809
33 -49 -0.0584806 -0.0471967
33 -47 0.124387 -0.0719327
33 -45 0.256938 -0.468901
33 -43 0.0429225 -0.0900201
33 -41 0.0466582 -0.0295496
33 -39 0.23201 -0.135638
33 -37 -0.0169208 -0.114122
33 -35 0.0786472 -0.0909053
33 -33 0.202935 -0.190522
33 -31 0.173881 -0.0906596
33 -29 0.192724 -0.165082
33 -27 0.0632639 -0.105603
33 -25 0.135328 -0.149391
33 -23 0.219082 -0.138771
33 -21 0.075879 -0.0604692
33 -19 0.184771 -0.0444527
33 -17 0.106995 -0.0706541
33 -15 0.255038 -0.135119
33 -13 0.196385 -0.0818542
33 -11 0.285769 -0.0945457
33 -9 0.243369 -0.0475809
33 -7 0.289485 -0.0435802
33 -5 0.324366 -0.0516733
33 -3 0.351 -0.036757
33 -1 0.370453 -0.0165596
33 1 0.334614 0.0187729
33 3 0.376141 0.0384585
33 5 0.441107 0.0614634
33 7 0.243996 0.0613215
33 9 0.302451 0.0679247
33 11 0.273246 0.09542
33 13 0.180655 0.0711458
33 15 0.239064 0.0208398
33 17 0.100983 0.0610415
33 19 0.263647 0.115009
33 21 0.272325 0.0837948
33 23 0.164739 0.143566
33 25 0.115872 0.035988
33 27 0.101962 0.104278
33 29 0.223988 0.16359
33 31 0.145148 0.0967214
33 33 0.183801 0.176972
33 35 0.0871103 0.0978436
33 37 0.121268 0.162118
33 39 0.0857655 0.132689
33 41 0.257131 0.197064
33 43 0.105643 0.105555
33 45 0.146547 0.283578
33 47 0.0648702 0.147051
33 49 0.0726099 0.130869
33 51 0.167796 0.211574
33 53 0.147985 0.19233
33 55 0.15457 0.227403
33 57 0.190902 0.286125
33 59 0.12253 0.243542
35 -59 -0.198315 -0.036249
35 -57 0.0929508 0.00485456
35 -55 0.259408 -0.224078
35 -53 0.0731929 0.0788996
35 -51 0.0588829 0.0738842
35 -49 0.0638434 -0.167885
35 -47 0 0
35 -45 0.269447 -0.131304
35 -43 0.181886 -0.212948
35 -41 0.0180654 -0.259042
35 -39 0.21294 -0.309965
35 -37 0.266621 -0.229765
35 -35 0.346766 -0.207291
35 -33 0.148266 -0.0936487
35 -31 0.163946 -0.175134
35 -29 0.201739 -0.0984138
35 -27 0.108841 0.00781376
35 -25 0.15363 -0.0607502
35 -23 0.150822 -0.0435094
35 -21 0.130155 -0.151465
35 -19 0.249127 -0.0614845
35 -17 0.223382 -0.109397
35 -15 0.21052 -0.0696114
35 -13 0.135639 -0.0408808
35 -11 0.214114 -0.087733
35 -9 0.147804 -0.0500547
35 -7 0.148611 -0.0648417
35 -5 0.186137 -0.0333565
35 -3 0.145931 0.00615608
35 -1 0.338401 -0.00645637
35 1 0.177264 -0.020154
35 3 0.146964 0.0193221
35 5 0.137347 0.0304196
35 7 0.148386 0.0372118
35 9 0.251232 0.0885956
35 11 0.286305 0.088579
35 13 0.195462 0.0435133
35 15 0.189812 0.0800641
35 17 0.140313 0.125507
35 19 0.0791814 0.0901284
35 21 0.31988 0.15267
35 23 0.125458 0.0491636
35 25 0.133718 0.0407061
35 27 0.125679 0.0894001
35 29 0.169582 0.121086
35 31 0.164072 0.135476
35 33 0.148267 0.122429
35 35 0.310917 0.283972
35 37 0.144523 0.0256822
35 39 0.120386 0.103331
35 41 0.135237 0.15013
35 43 0.240658 0.296114
35 45 0.253278 0.190483
35 47 0.184013 0.210839
35 49 0.0304513 0.152458
35 51 0.0914816 0.0228887
35 53 0.416101 0.53098
35 55 0.093414 0.173692
35 57 0.168425 0.164143
35 59 0.117664 0.222678
37 -59 0.307921 -0.266379
37 -57 0.257199 -0.072525
37 -55 0.119364 -0.235137
37 -53 0.0245945 -0.151119
37 -51 0.302898 -0.152172
37 -49 0.0896655 -0.07441
37 -47 0.00171422 -0.112075
37 -45 0 0
37 -43 0.141348 -0.128913
37 -41 0.196781 -0.247149
37 -39 0.213654 -0.131741
37 -37 0.0706988 -0.140423
37 -35 0.0256531 -0.0156607
37 -33 0.246485 -0.180643
37 -31 0.234433 -0.197085
37 -29 0.336419 -0.201079
37 -27 0.122687 -0.100417
37 -25 0.296088 -0.122268
37 -23 0.283711 -0.126851
37 -21 0.155004 -0.114882
37 -19 0.358829 -0.0853185
37 -17 0.0765722 -0.10873
37 -15 0.111836 -0.0771854
37 -13 0.261551 -0.133466
37 -11 0.182962 -0.0510473
37 -9 0.253536 -0.0633901
37 -7 0.241787 -0.0399731
37 -5 0.130597 -0.0274521
37 -3 0.252577 0.0176956
37 -1 0.29706 0.0207821
37 1 0.0595073 0.0518231
37 3 0.226758 0.00404829
37 5 0.155478 0.052321
37 7 0.233945 0.0280522
37 9 0.238799 0.0298655
37 11 0.130203 -0.0476034
37 13 0.140861 0.00526038
37 15 0.102833 0.0279257
37 17 0.204956 0.0904509
37 19 0.0701451 0.0525537
37 21 0.228654 0.102167
37 23 0.205336 0.176049
37 25 0.145969 0.0721442
37 27 0.205661 0.19801
37 29 0.207562 0.187073
37 31 0.159777 0.282989
37 33 0.129754 0.100219
37 35 0.0839834 0.059762
37 37 0.0967695 0.1688
37 39 0.0411939 0.0344267
37 41 0.119329 0.0602376
37 43 0.171713 0.161758
37 45 0.0222819 0.0431031
37 47 0.107467 0.260622
37 49 0.0680827 0.148759
37 51 0.0927983 0.268287
37 53 0.166891 0.144556
37 55 0.18455 0.278669
37 57 0.0177179 0.0430687
37 59 0.272188 0.335513
39 -59 0.164476 -0.0299292
39 -57 -0.00582435 -0.11632
39 -55 0.0978803 -0.157298
39 -53 0.160212 -0.230807
39 -51 -0.062488 0.00971325
39 -49 0 0
39 -47 0.0569279 -0.0847461
39 -45 0.287401 -0.191584
39 -43 0.241412 -0.22745
39 -41 0.245756 -0.28742
39 -39 0.161822 -0.153992
39 -37 0 0
39 -35 0.193928 -0.202723
39 -33 0.0551056 -0.24313
39 -31 0.476502 -0.380795
39 -29 0.312663 -0.220081
39 -27 0.0583116 -0.160655
39 -25 0.13773 -0.0155281
39 -23 0.164716 -0.0793993
39 -21 0.122084 -0.0808303
39 -19 0.194973 -0.0681824
39 -17 0.238768 -0.0660131
39 -15 0.166376 -0.0195947
39 -13 0.0747989 -0.0386119
39 -11 0.140584 -0.0530328
39 -9 0.0707013 -0.0683868
39 -7 0.176768 -0.0672072
39 -5 0.205857 0.0414794
39 -3 0.101608 -0.0398031
39 -1 0.252324 0.00243748
39 1 0.2331 0.0961648
39 3 0.26364 0.029458
39 5 0.27318 0.0721567
39 7 0.224485 -0.0236226
39 9 0.13471 0.0272681
39 11 0.101918 0.11355
39 13 0.1274 0.1372
39 15 0.154449 0.037079
39 17 0.0878394 0.0351577
39 19 0.208451 0.0607658
39 21 0.104178 0.0759371
39 23 0.201771 0.0419625
39 25 0.089789 0.0523691
39 27 0.25395 0.140184
39 29 0.146132 0.0761164
39 31 0.233865 0.0903315
39 33 0.279286 0.0803579
39 35 0.0530244 0.118988
39 37 0.317495 0.347797
39 39 0.0277211 0.0580957
39 41 0.125953 0.161291
39 43 0.00127995 0.16494
39 45 0.136398 -0.0742551
39 47 0.245088 0.176958
39 49 0.110778 0.120869
39 51 0.116983 0.111122
39 53 0.192959 0.320251
39 55 0.231263 0.270997
39 57 0.201279 0.194506
39 59 0.0175335 0.0755185
41 -59 0.0812871 -0.0685171
41 -57 0.217045 -0.236198
41 -55 0.189938 -0.0838816
41 -53 -0.0509929 -0.252718
41 -51 0.0659186 -0.16564
41 -49 0.114845 -0.226968
41 -47 0.116436 -0.210905
41 -45 0.121164 -0.0493857
41 -43 0 0
41 -41 0.262434 -0.0119426
41 -39 0.175121 -0.273742
41 -37 -0.000418442 -0.0114511
41 -35 0.110557 -0.031175
41 -33 0.187803 -0.10692
41 -31 0.0604801 -0.113343
41 -29 0.120496 -0.108008
41 -27 0.319659 -0.177881
41 -25 0.214447 -0.0606437
41 -23 0.149276 -0.0689304
41 -21 0.193551 -0.0357367
41 -19 0.247597 -0.107571
41 -17 0.156876 -0.0927344
41 -15 0.287399 -0.0960497
41 -13 0.194688 -0.0924398
41 -11 0.300304 -0.0777077
41 -9 0.272847 -0.0586783
41 -7 0.106375 0.0328274
41 -5 0.196038 -0.112042
41 -3 0.114221 -0.0753905
41 -1 0.157489 -0.0106116
41 1 0.297482 0.0509571
41 3 0.12771 0.0361716
41 5 0.00206322 0.0343172
41 7 0.235325 -0.0387435
41 9 0.0630773 0.0412659
41 11 0.224378 0.0379533
41 13 0.0926773 0.105092
41 15 0.117148 -0.00193037
41 17 0.162739 0.0703604
41 19 0.119196 0.129137
41 21 0.184861 0.0281734
41 23 0.213274 0.069726
41 25 0.170143 0.080224
41 27 0.0528428 0.0261866
41 29 0.317876 0.211933
41 31 0.10931 0.187946
41 33 0.436442 0.27817
41 35 0.0166569 -0.0602002
41 37 0.145214 0.146364
41 39 0.381918 0.0402726
41 41 0.251142 0.147642
41 43 0.0856861 -0.0444719
41 45 0.310188 0.402381
41 47 0.274645 0.502798
41 49 0.139101 0.242305
41 51 0.0989491 0.136985
41 53 0.0943477 0.104176
41 55 0.119986 0.169737
41 57 0.242767 0.306431
41 59 0.193435 0.231842
43 -59 -0.0172759 -0.0629435
43 -57 0.259199 -0.238676
43 -55 0.173245 0.0467277
43 -53 0.307181 -0.371686
43 -51 0 0
43 -49 -0.0134308 -0.18615
43 -47 0.134334 -0.183008
43 -45 0.140819 -0.0270633
43 -43 0.195131 -0.228777
43 -41 0.0832566 -0.159731
43 -39 0.0921417 -0.204388
43 -37 0.0560872 -0.0763432
43 -35 -0.00858427 -0.024562
43 -33 0.17279 -0.192473
43 -31 0.0173688 -0.0536556
43 -29 0.198623 0.0970681
43 -27 0.32105 -0.0370638
43 -25 0.283847 -0.205417
43 -23 0.076161 0.00702706
43 -21 0.124476 0.0724641
43 -19 0.0798131 -0.0731148
43 -17 0.272613 -0.140333
43 -15 0.130071 -0.129584
43 -13 0.167447 -0.0383948
43 -11 0.141986 -0.0710266
43 -9 -0.0363892 -0.169766
43 -7 0.0781711 -0.0739695
43 -5 0.116375 -0.114237
43 -3 0.284768 -0.0640464
43 -1 0.227796 -0.0790153
43 1 0.194474 0.0180434
43 3 0.323303 0.0308478
43 5 0.0714268 -0.0165898
43 7 0.159745 0.0549948
43 9 0.202765 -0.015109
43 11 0.0871543 0.0725009
43 13 0.151504 0.0931815
43 15 0.250551 0.115254
43 17 0.0113442 -0.018677
43 19 0.145581 0.0737345
43 21 0.299393 0.131111
43 23 0.0582603 0.0413963
43 25 0.0443343 0.0565013
43 27 0.580289 0.198361
43 29 0.0997155 0.0742875
43 31 0.0723972 0.154661
43 33 0.143086 0.0686657
43 35 0.410756 0.335915
43 37 0.163964 0.0797939
43 39 0.0949438 0.218998
43 41 0.253313 0.237205
43 43 0.12239 0.273298
43 45 0.115533 0.16093
43 47 0.269358 0.300598
43 49 0.231509 0.306931
43 51 0.128037 0.111391
43 53 -0.014515 0.0409949
43 55 0.101772 0.290343
43 57 0.181315 0.164607
43 59 0.191079 0.107864
45 -59 0.298026 -0.441014
45 -57 0.0403056 -0.308288
45 -55 0.173426 -0.164299
45 -53 0.187793 -0.236135
45 -51 0.0378884 -0.0671062
45 -49 0.335602 -0.2099
45 -47 0 0
45 -45 0.107764 -0.118566
45 -43 0.179976 -0.0877339
45 -41 -0.0800252 -0.0967991
45 -39 0.258084 -0.221304
45 -37 0.39109 -0.149733
45 -35 -0.0093105 -0.0122035
45 -33 0.251313 0.0163925
45 -31 0.0327884 -0.0585517
45 -29 0 0
45 -27 0.218829 -0.209639
45 -25 0.155196 -0.0942528
45 -23 0.0326231 -0.0235136
45 -21 0.0340264 0.00588937
45 -19 0.244971 -0.141859
45 -17 0.0792334 -0.0513985
45 -15 0.297164 -0.118546
45 -13 0.14297 -0.00208975
45 -11 0.232345 0.0160371
45 -9 0.284271 -0.0627131
45 -7 0.268107 -0.0957977
45 -5 0 0
45 -3 0.271963 -0.108965
45 -1 0.357347 -0.0223591
45 1 0.128857 -0.0242111
45 3 0.0855678 0.0488581
45 5 0.101815 -0.0206625
45 7 0.163488 0.0233082
45 9 0.244681 0.0873433
45 11 0.213487 0.0755511
45 13 0.229461 0.0413114
45 15 0.0892259 0.0323426
45 17 0.247934 0.152159
45 19 0.0851136 -0.0209241
45 21 0.270287 0.155269
45 23 0 0
45 25 0.0932751 0.00128061
45 27 0.154226 0.139821
45 29 0.146304 0.0208692
45 31 0.023467 0.0869497
45 33 0.11884 0.098678
45 35 0.528451 0.315251
45 37 0.229193 0.160263
45 39 0.0297297 0.16665
45 41 0.235954 0.187589
45 43 0.0766724 0.0567491
45 45 0.0370216 -0.0912223
45 47 0.464962 0.141081
45 49 -0.0109098 0.0470238
45 51 0.077561 0.0814393
45 53 0 0
45 55 0.0873324 0.0411172
45 57 0.13256 0.0984184
45 59 0.129528 0.106555
47 -59 -0.0269079 -0.0194763
47 -57 -0.0474159 -0.115864
47 -55 0.139655 -0.208312
47 -53 0 0
47 -51 0 0
47 -49 -0.0519711 -0.0811433
47 -47 -0.0578525 -0.00923213
47 -45 0.198228 -0.114466
47 -43 0.0743861 -0.0689316
47 -41 0.1951 -0.0767035
47 -39 0.119107 -0.113971
47 -37 0.21504 -0.307803
47 -35 0.130671 -0.125998
47 -33 0 0
47 -31 0.133013 -0.0263552
47 -29 0.14574 -0.125753
47 -27 -0.0113853 0.0193275
47 -25 0.235614 -0.0469961
47 -23 0.128208 -0.229099
47 -21 0.4271 -0.194235
47 -19 0.151114 0.0257103
47 -17 0.201145 0.007375
47 -15 0.118998 -0.046341
47 -13 0.0131233 0.0299502
47 -11 0.393938 -0.165374
47 -9 0.267231 0.00209213
47 -7 0.159697 -0.0216969
47 -5 0.171588 -0.0904218
47 -3 0.198289 -0.0388158
47 -1 0.311593 0.0529724
47 1 0.283142 0.0354791
47 3 0.164273 -0.00438343
47 5 0.35586 0.0268515
47 7 0.0186365 -0.0399682
47 9 0.325363 0.0498822
47 11 0.307665 0.0666939
47 13 0 0
47 15 0.0331889 0.0140641
47 17 0.161161 0.0361145
47 19 0.161474 0.0166472
47 21 0.167012 0.0665954
47 23 0.274924 0.0927101
47 25 0.144352 0.017364
47 27 0.165665 0.0682386
47 29 0.152746 0.321919
47 31 0.0616037 0.107801
47 33 0.123157 0.100515
47 35 0.252457 0.0997536
47 37 0 0
47 39 0 0
47 41 0.105491 0.0477855
47 43 0 0
47 45 0.174903 0.190134
47 47 0.324472 0.126007
47 49 0.112378 0.125883
47 51 0.0272739 0.139597
47 53 0.0659164 0.0896044
47 55 0.0736902 0.0306219
47 57 0.0937937 0.0934513
47 59 0 0
49 -59 0.098165 -0.0814642
49 -57 0.0887464 -0.126033
49 -55 0.0410086 -0.0496474
49 -53 -0.076636 -0.234029
49 -51 0.0813375 -0.0776194
49 -49 0.111935 -0.161371
49 -47 0.243117 -0.202789
49 -45 0.233309 -0.131637
49 -43 0 0
49 -41 0.115594 -0.0590357
49 -39 0.0392336 -0.123398
49 -37 0.0507563 -0.0750915
49 -35 0 0
49 -33 0 0
49 -31 0.379349 -0.334948
49 -29 0.111533 0.00340447
49 -27 0.165923 -0.156579
49 -25 0.235498 -0.0914952
49 -23 0.0773999 -0.0844799
49 -21 0.172533 0.0273275
49 -19 0.212096 -0.00246524
49 -17 0.166335 0.0124101
49 -15 0.0608449 -0.0165277
49 -13 0.214911 -0.12328
49 -11 0.429006 -0.0304492
49 -9 0.133236 -0.0355396
49 -7 -0.0145607 -0.144349
49 -5 0.0372929 0.0185664
49 -3 0.240028 -0.0387198
49 -1 0.203955 0.031887
49 1 0.0378392 -0.0512756
49 3 0.323266 -0.0512568
49 5 0.0744758 -0.0336588
49 7 0.333566 0.160655
49 9 0.541486 0.19891
49 11 0.254888 0.0149579
49 13 0.244664 0.0989585
49 15 0.159257 0.0498504
49 17 0.133967 -0.0171358
49 19 0.208863 0.181561
49 21 0.108132 0.0642432
49 23 0.464353 0.35984
49 25 0.36331 0.268068
49 27 0.306859 0.0971479
49 29 0.268136 0.158264
49 31 0.205162 0.120964
49 33 0.0709559 0.104131
49 35 0.0633265 0.0777741
49 37 0 0
49 39 0.0915809 0.060962
49 41 0.097987 0.112054
49 43 0.069514 0.0744874
49 45 0.0309943 0.0742979
49 47 0.0472928 0.140182
49 49 0.305853 0.290353
49 51 0.0873333 0.0370932
49 53 0.237856 0.205386
49 55 0.0549604 0.062394
49 57 0.0752047 0.124072
49 59 0.309387 0.342549
51 -59 0.113663 -0.0654545
51 -57 0 0
51 -55 0.101457 -0.0534925
51 -53 0.465419 -0.155754
51 -51 0.105088 -0.0976749
51 -49 0 0
51 -47 0 0
51 -45 0 0
51 -43 0 0
51 -41 0 0
51 -39 0.0525949 -0.0528887
51 -37 0.160432 -0.053837
51 -35 0.49801 -0.200135
51 -33 0.0981963 0.0114488
51 -31 0.102492 -0.283299
51 -29 0.0803414 -0.0607901
51 -27 0.0472383 -0.00854994
51 -25 0.116629 -0.236318
51 -23 0.146567 -0.10239
51 -21 0.12441 0.030441
51 -19 0.138942 -0.109563
51 -17 0.13483 -0.072692
51 -15 -0.0114587 0.0208434
51 -13 0.145411 0.0328393
51 -11 0.140193 0.0292244
51 -9 0.141896 0.0587128
51 -7 0.385937 -0.0729218
51 -5 0.0709018 0.0112614
51 -3 0.247037 0.0452971
51 -1 0.160645 -0.0784553
51 1 0.164983 0.0260018
51 3 0.106072 -0.0430841
51 5 0.232758 0.0602996
51 7 0.072464 0.0334922
51 9 0.204834 0.134106
51 11 0.292907 0.130283
51 13 0.208171 0.0652876
51 15 0.212798 -0.0464233
51 17 0.0721148 0.0305882
51 19 0.569006 0.125513
51 21 0.155578 -0.0188611
51 23 0.110525 0.102338
51 25 0.285159 0.101737
51 27 0.064066 0.0579704
51 29 0.0830389 0.0683925
51 31 0.0822504 -0.057741
51 33 0.202436 0.0795707
51 35 0.0549133 0.0658326
51 37 0.215207 0.0810031
51 39 0 0
51 41 0.345377 0.197076
51 43 0.250157 0.272581
51 45 0.193299 0.0112869
51 47 0.0318995 0.135923
51 49 0.113064 -0.0263617
51 51 0.125011 0.198709
51 53 0 0
51 55 0.00518719 0.0651761
51 57 0 0
51 59 0.293431 0.356204
53 -59 -0.0219684 -0.173333
53 -57 0.0322769 -0.0557027
53 -55 0.327683 -0.237766
53 -53 0.239054 0.0687374
53 -51 0 0
53 -49 0 0
53 -47 0.00910779 -0.11145
53 -45 0 0
53 -43 0.0583021 -0.0295153
53 -41 0.202444 -0.186311
53 -39 0.190467 0.0334783
53 -37 0 0
53 -35 0 0
53 -33 0.063724 -0.0837042
53 -31 0.211305 -0.163131
53 -29 0.0820236 0.0408201
53 -27 0 0
53 -25 0.192921 -0.0124425
53 -23 0.170525 -0.117977
53 -21 0.250979 -0.0490787
53 -19 0.0271439 -0.044968
53 -17 0.0484667 0.00974195
53 -15 0.624847 -0.188329
53 -13 0.0490742 0.0134618
53 -11 0.197467 0.0843103
53 -9 0.13856 -0.0548747
53 -7 0.0859033 -0.0701701
53 -5 0.251414 -0.0712165
53 -3 0.218428 0.0677877
53 -1 0.102604 -0.0571442
53 1 0.234729 -0.0574111
53 3 0.0427174 -0.0294335
53 5 0.1613 0.0560272
53 7 0.0838145 0.0676052
53 9 0.320882 -0.066872
53 11 0.179614 -0.0507722
53 13 0.119311 0.0458198
53 15 0.064284 -0.00552942
53 17 0.174249 -0.0442337
53 19 0.342378 0.144415
53 21 0.287446 0.156456
53 23 0.336757 0.133976
53 25 0.645516 0.311534
53 27 0.384655 0.124793
53 29 0.416763 0.224941
53 31 0.105872 0.0709705
53 33 0.147401 0.139268
53 35 0.0104385 -0.00405745
53 37 0.241115 0.144661
53 39 0.0730295 -0.0660822
53 41 -0.0585251 -0.011638
53 43 0 0
53 45 0.248174 0.171969
53 47 0.846164 0.524539
53 49 0.189744 0.173466
53 51 0.0659986 0.0261481
53 53 0.225271 0.343484
53 55 0 0
53 57 0.364659 0.117736
53 59 0.26689 0.354077
55 -59 0.142738 0.0128542
55 -57 0 0
55 -55 0.182955 -0.153169
55 -53 0.268488 -0.189042
55 -51 0 0
55 -49 0 0
55 -47 0.20322 -0.135128
55 -45 0 0
55 -43 0.0988156 -0.12504
55 -41 0.232231 0.0552352
55 -39 0.255437 -0.133859
55 -37 0.135731 -0.137236
55 -35 0.715217 -0.180101
55 -33 0.0495883 -0.09681
55 -31 0.224006 -0.16566
55 -29 0 0
55 -27 -0.06645 0.0136268
55 -25 0.023918 0.00277283
55 -23 0.0110454 -0.229654
55 -21 0.200946 -0.0616623
55 -19 0.441697 -0.0953271
55 -17 0.115672 -0.10062
55 -15 0.0127533 -0.0601644
55 -13 0.214419 -0.0855457
55 -11 0.159826 -0.193381
55 -9 0.125625 -0.0252889
55 -7 0.204626 -0.17799
55 -5 0.46142 -0.0124085
55 -3 0.336918 -0.195834
55 -1 0.0454596 0.00593232
55 1 0.0218769 -0.0418668
55 3 0.332665 0.0158472
55 5 -0.0231185 -0.0475699
55 7 -0.109672 -0.0421451
55 9 0.380311 0.0135917
55 11 -0.0757341 -0.0857251
55 13 0.21862 0.00929449
55 15 0.247199 0.0656943
55 17 0.264072 0.117534
55 19 0.166432 0.120744
55 21 0.0332412 0.0533242
55 23 0.0782746 0.112035
55 25 0.242291 0.0798126
55 27 0 0
55 29 0.146128 0.0149038
55 31 0 0
55 33 0.102042 0.037403
55 35 0.284542 0.0246842
55 37 0 0
55 39 0.00605324 0.0609303
55 41 0.11206 0.143532
55 43 0 0
55 45 0.0752989 -0.0379333
55 47 0.21572 -0.0620646
55 49 0 0
55 51 0.106523 0.222102
55 53 0.133288 0.19523
55 55 0.147417 0.0425161
55 57 -0.00138893 0.0402661
55 59 0.18328 0.204221
57 -59 0.328972 -0.210989
57 -57 0 0
57 -55 0 0
57 -53 1.11254 -1.06309
57 -51 0 0
57 -49 0 0
57 -47 0 0
57 -45 0 0
57 -43 0.135504 -0.113378
57 -41 0 0
57 -39 0.174984 -0.0560713
57 -37 0 0
57 -35 0 0
57 -33 0.0478573 0.0904136
57 -31 0 0
57 -29 0.194535 -0.082463
57 -27 0.0263856 -0.207835
57 -25 -0.118537 0.0767179
57 -23 0.195097 -0.0665191
57 -21 0.315038 -0.152323
57 -19 0.118049 -0.143978
57 -17 0.0634314 0.05016
57 -15 0.242154 -0.123599
57 -13 0.154118 -0.0595823
57 -11 0.264162 0.00522375
57 -9 0.0169505 0.113415
57 -7 0.177483 0.0502935
57 -5 0.22089 -0.0577536
57 -3 0.167544 0.0486079
57 -1 0.162668 -0.0476599
57 1 0.0560657 0.0698574
57 3 0 0
57 5 0.269302 -0.057101
57 7 0.19132 0.0260353
57 9 0.560463 0.140999
57 11 0.174101 -0.00753324
57 13 0 0
57 15 0 0
57 17 0.171693 0.0739411
57 19 0.528243 0.174765
57 21 0.0493589 0.0734167
57 23 0.188045 -0.0943678
57 25 0.188971 0.0394996
57 27 0.33436 -0.114611
57 29 0.174291 -0.0432402
57 31 0.40821 0.223652
57 33 0.255839 0.286619
57 35 0.0526468 0.0275136
57 37 0.168277 0.125842
57 39 0 0
57 41 0.274146 0.104104
57 43 0.32892 0.229642
57 45 0 0
57 47 0 0
57 49 -0.017189 0.0156744
57 51 0.244022 0.12629
57 53 0.0693083 0.0985223
57 55 0 0
57 57 -0.072804 -0.0134667
57 59 0.414058 0.211125
59 -59 0.124116 -0.0855603
59 -57 0.309177 -0.267486
59 -55 0 0
59 -53 0.235293 -0.0781307
59 -51 0.113645 -0.17625
59 -49 0.181983 -0.232386
59 -47 0.08849 -0.208589
59 -45 0 0
59 -43 0.1848 -0.126693
59 -41 0 0
59 -39 0.127508 -0.220701
59 -37 0.175926 -0.139299
59 -35 0.265599 -0.217568
59 -33 0.459049 -0.221259
59 -31 0 0
59 -29 0.283533 -0.149939
59 -27 0.0425129 -0.240618
59 -25 0.104383 -0.0451768
59 -23 0.458304 -0.230682
59 -21 0.024598 -0.113029
59 -19 0.283366 -0.145047
59 -17 0.289054 -0.112926
59 -15 0.167389 -0.131319
59 -13 0.0264897 0.0245088
59 -11 0.113014 -0.0567066
59 -9 0 0
59 -7 0.282212 0.143455
59 -5 0.18072 -0.036822
59 -3 0 0
59 -1 0.0102609 0.0595327
59 1 0.188248 0.0201765
59 3 0.176662 -0.0268229
59 5 0.286222 0.0404172
59 7 0.28276 -0.0277409
59 9 0.234098 -0.0604505
59 11 -0.103427 -0.0216672
59 13 0.0858379 -0.0166672
59 15 0.595213 0.00187054
59 17 0.193235 0.111017
59 19 0.0354389 0.0450104
59 21 0.0435658 0.0853946
59 23 0.055896 0.131124
59 25 0.327517 0.174637
59 27 0.282054 0.0551675
59 29 0.203729 0.159502
59 31 0.0263698 -0.0504967
59 33 0.630368 0.318267
59 35 0.0905023 0.105126
59 37 0.0865112 0.286693
59 39 0.00389332 -0.0173197
59 41 -0.153765 -0.0156886
59 43 -0.0982355 0.197371
59 45 0 0
59 47 0.135623 0.00150777
59 49 0.119101 0.140049
59 51 0.19886 -0.0348853
59 53 0.218757 0.27701
59 55 0.135593 0.121362
59 57 0 0
59 59 0.0131105 0.184643
